,dist_ema_9_z,ema_slope_9_z,dist_ema_21_z,ema_slope_21_z,dist_ema_50_z,ema_slope_50_z,dist_ema_100_z,ema_slope_100_z,dist_ema_200_z,ema_slope_200_z,ema_spread_9_21_z,ema_spread_21_50_z,ema_spread_50_100_z,ema_spread_100_200_z,MOM_pct_14_z,ADX_14_scaled,RSI_14_bounded,MOM_pct_30_z,ADX_30_scaled,RSI_30_bounded,MOM_pct_72_z,ADX_72_scaled,RSI_72_bounded,MACD_hist_pct_z,NATR_14_z,bb_width_20_sqrt_z,bb_pos_20_norm,volatility_24_sqrt_z,volatility_72_sqrt_z,volatility_168_sqrt_z,log_ret_6_z,log_ret_24_z,log_ret_72_z,log_ret_168_z,ret_accel_6_24_z,ret_accel_24_72_z,ret_accel_72_168_z,vol_ratio_24_log1p_z,vol_ratio_72_log1p_z,vol_ratio_168_log1p_z,range_sqrt_z,body_sqrt_z,vol_expansion_24_log1p_z,vol_expansion_72_log1p_z,vol_expansion_168_log1p_z,dist_to_high_24_sqrt_z,dist_to_low_24_sqrt_z,price_pos_in_range_24_norm,dist_to_high_72_sqrt_z,dist_to_low_72_sqrt_z,price_pos_in_range_72_norm,dist_to_high_168_sqrt_z,dist_to_low_168_sqrt_z,price_pos_in_range_168_norm
dist_ema_9_z,1.0,0.7415826250049756,0.9080290521593102,0.6115024761510179,0.7185692989797327,0.4462791028720184,0.5761760724121207,0.3263011890707335,0.4720106748573876,0.24154867799120278,0.6028137998541443,0.24402750599234585,0.0007296799371672375,0.08577290178342999,0.755573488056304,0.0017509329523095248,0.6557505214252176,0.5222777506325524,0.025729122100678934,0.3723100208583616,0.2524434994384254,0.025763055359568802,0.1350598243004366,0.760742219883326,0.15616147934382274,0.05523392533168266,0.8161005663786386,0.05329926022225858,0.0002530679266629574,0.01663628249779809,0.8979744497842717,0.6050026976381833,0.25245390633011117,0.2523520909153219,0.1877444770196324,0.2411117548908707,0.013669560431423217,0.0273421661969816,0.03517690420807877,0.021523560470381665,0.03225912756561135,0.015089403576148292,0.041168155720625314,0.033168848018631944,0.033350992656028186,0.7438941790978681,0.6623691784310852,0.71149223541472,0.5376958527316024,0.48221541927040307,0.3175061422797194,0.4472906145455321,0.40492031659910577,0.1353404741773603
ema_slope_9_z,0.7415826250049756,1.0,0.8792528678218979,0.9152168808949206,0.7861627333087222,0.7251403748952591,0.6567710296068857,0.573989632932535,0.5501301903713065,0.4642386336136504,0.8513200450358264,0.4464578754149941,0.11801876815075676,0.003936721742286109,0.8789852944170473,0.00021631185638459625,0.6817656797662803,0.6487722786435179,0.03796750634364277,0.43400930061218695,0.3193952228642826,0.03176331553748462,0.1772877309799326,0.845987485786405,0.13500373829417972,0.05636956673295086,0.7782926332161483,0.07761528649693036,0.018028987211975385,0.03033959276437984,0.7338197368760435,0.7274860789866447,0.3199976142009983,0.3032596166960934,0.4087419547349865,0.2559946245327524,0.0015341769063339423,0.04631603024607647,0.06249504206756446,0.04577217679825316,0.0024589849595846648,0.00263135967337918,0.016506628571845573,0.006711353502004135,0.006680747359919736,0.7352035308949416,0.6501139601423577,0.7115065063416256,0.5815608443065163,0.513020884745079,0.3545806548767336,0.47872682844209474,0.4404552860470807,0.15359736685493228
dist_ema_21_z,0.9080290521593102,0.8792528678218979,1.0,0.8650475750545981,0.9157472536072044,0.7427769323988684,0.7848864785932593,0.6107952509497266,0.6688019688225562,0.501860407428303,0.8680006246019644,0.5358625344661386,0.20077841351523995,0.04750722778621021,0.8942269131706565,0.014775922038367438,0.787550197178451,0.7684155610908697,0.037003602279882676,0.5211628765294234,0.42601654710149206,0.04192702335983735,0.22196457121064705,0.7300789450117474,0.1557170171499061,0.06354352952935152,0.864123408736222,0.07280576908968082,0.01597804236051623,0.03654612507653336,0.7942635929303032,0.8341012296348697,0.4266744628131047,0.3623134843542095,0.488356892516141,0.21628497000532218,0.04282105158628632,0.04313945210557742,0.06825886279412127,0.04638771727594512,0.021545827140335563,0.013544852504432705,0.029215493109327296,0.020698332972399733,0.02439058685900065,0.8276801508477089,0.7235186049647709,0.812786496081001,0.709067838529928,0.6159027388584967,0.45623566436998525,0.5835786014580548,0.5279154456337917,0.19567800248324782
ema_slope_21_z,0.6115024761510179,0.9152168808949206,0.8650475750545981,1.0,0.8969081185132857,0.9157201346503758,0.8016584712055407,0.7808678331457481,0.6972150383566917,0.6625038335742881,0.9844858138348209,0.7028131784401307,0.32625925081516066,0.14534711189949734,0.8722722545640149,0.024012321709162822,0.7391731748032278,0.8353235490372103,0.04037219500585139,0.5418647848420153,0.47749267678542484,0.04315729105141707,0.2509208833669474,0.6308201493898338,0.12315143443153112,0.05820586873423107,0.7335042204565781,0.08380397104523073,0.03161336040442167,0.047224216378707315,0.5420334269525859,0.87942272839221,0.47848107204471496,0.38602248370383735,0.6829990128593647,0.18539459470227443,0.06519716824025279,0.0475361372462724,0.08065849978559939,0.057326247541937825,0.003133023487170953,0.00926872642057651,0.011575594689801377,0.0037143707146430416,0.007870370442830326,0.7342159682861342,0.634983546136245,0.7360314310041386,0.7012883634244108,0.6025711299386213,0.4702747083857395,0.5731359301962294,0.5234369657581308,0.20345712506573463
dist_ema_50_z,0.7185692989797327,0.7861627333087222,0.9157472536072044,0.8969081185132857,1.0,0.9203089138472024,0.9507203099644549,0.848735909197347,0.8590697426246997,0.7520396155724308,0.9332789211698623,0.805609778051301,0.49356917757848595,0.2823836303658406,0.808133136165272,0.047891312920954124,0.8439116090016112,0.8854158144203294,0.026528563265497292,0.6646500723662729,0.6625911534517919,0.05599749625467007,0.3303093955676079,0.48135009845742727,0.1286967032334365,0.06434128802016613,0.8053341371013988,0.07298165419131043,0.03401670704365335,0.06580950125924298,0.6093097778357339,0.8854269697262137,0.6638144453120988,0.47765161303234127,0.6451826539469676,0.007395844279071,0.15783275777140127,0.04395822994143774,0.08833267353328643,0.06178646598009871,0.013531968720181014,0.013115840016902532,0.017230583332051387,0.008433657061366178,0.01845806652228182,0.7455188598996042,0.6374986440217462,0.7971339981548247,0.8266169823836632,0.704864459962426,0.6299780888779217,0.7029304020074604,0.6451082291990914,0.27855294404480424
ema_slope_50_z,0.4462791028720184,0.7251403748952591,0.7427769323988684,0.9157201346503758,0.9203089138472024,1.0,0.9183020708414297,0.9479458490993742,0.847776372754413,0.8534180876596698,0.945206521525511,0.9168373731799556,0.5987955584697433,0.3716905496620293,0.7139205793764729,0.05918837406086771,0.7579138151104912,0.8834107472638202,0.02213184462978552,0.6538528479076461,0.6925643762358545,0.05301840269926929,0.3466393716073297,0.3333466284718586,0.09447357822291724,0.05749117231241325,0.6455375030263568,0.07457889242763378,0.04173391939472007,0.0731403758559086,0.36815458721427563,0.8565780393814857,0.6939295004542673,0.47917111550656033,0.7619008333898428,0.0640633030342804,0.17765398195250248,0.04379938604207629,0.09223141570958553,0.06583585780710702,0.0013882364006161138,0.01081076321964176,0.0017005285036483112,0.005969333285393184,0.005223416982100306,0.6114081343450913,0.5147684297943764,0.683116796588742,0.7791111989368924,0.6578974410484478,0.6235067017324939,0.6625443891256704,0.613319464927793,0.279628296610279
dist_ema_100_z,0.5761760724121207,0.6567710296068857,0.7848864785932593,0.8016584712055407,0.9507203099644549,0.9183020708414297,1.0,0.9403609578203874,0.9655680028020468,0.8928754744246369,0.8491327381725342,0.890074066902554,0.6971119693842308,0.48729888039547653,0.6793620735363579,0.07046605295847856,0.8506444437582623,0.8339268287416003,0.004791289851683468,0.7507644083418658,0.7766648765650381,0.06886866918642824,0.4107691516195101,0.3109702624347331,0.09577072391803636,0.06765192554614347,0.7464842326904976,0.07233338147837128,0.04382868784830768,0.08632907953405855,0.48284142092231014,0.8004142726008785,0.7783155786563999,0.5827146014185737,0.6236664160848546,0.1901472027005853,0.16958002294042043,0.0372259205139375,0.0885814762219411,0.06808862632829697,0.004632107266122287,0.010236882045637677,0.008092520520637502,0.00219682239146905,0.010161644692698079,0.6277826212491744,0.5316719545662661,0.7517513039617648,0.8119182946790576,0.6952723856079497,0.7375627649829023,0.7737663880537485,0.7138588859986877,0.3643613293791117
ema_slope_100_z,0.3263011890707335,0.573989632932535,0.6107952509497266,0.7808678331457481,0.848735909197347,0.9479458490993742,0.9403609578203874,1.0,0.9324354509847819,0.9639174279738911,0.8219209760972068,0.9609370832348871,0.7862393940008031,0.5666335573326213,0.5705087749783461,0.07983805613449314,0.7524200342217399,0.8005121431331866,0.013220566682101986,0.7245560877648545,0.7844718022193552,0.06520934112999088,0.42001471254385736,0.16413245706038432,0.061383520512995976,0.06412848924136386,0.5854981364851388,0.07027051962397494,0.04721878820390317,0.09029728738013203,0.2600614266029657,0.7438291613080014,0.786312788416318,0.5761250351934426,0.6967685525015612,0.2456883026450466,0.17623668407306162,0.035856873130440316,0.08857769285743154,0.06881636774794221,0.0083436946474534,0.008364464539096067,0.006000737478737382,0.014946981981107475,0.00152853201800724,0.4886639363532224,0.40452443488168105,0.6292342943378906,0.7440262496651043,0.6303805960743649,0.7174052361506115,0.7204634006873581,0.6686745682045229,0.36353907678160285
dist_ema_200_z,0.4720106748573876,0.5501301903713065,0.6688019688225562,0.6972150383566917,0.8590697426246997,0.847776372754413,0.9655680028020468,0.9324354509847819,1.0,0.9513604437498125,0.7455290111588555,0.865207406383203,0.8030453232624736,0.6501212696682117,0.5720691242612496,0.07312220622413138,0.8426111025784832,0.7444575005073593,0.0334869090433277,0.8092825127188102,0.7827137475296333,0.05234838869141116,0.4960332718778595,0.21090355680607084,0.05744408910277072,0.07204864687099465,0.7013170232198879,0.07651406357485509,0.06962581038871048,0.09665320741259473,0.3945737241313692,0.7004648543773668,0.784726043420893,0.6693736950405429,0.5619205544718368,0.2824813108795932,0.10564728904354682,0.024579958180593275,0.07234729880971871,0.05946099564406881,0.003395204133213469,0.008902130537628184,0.00744528950365445,0.0028991281668728276,0.004644998277467037,0.5247459240262733,0.4514639927014496,0.7113014858227116,0.7313493109619477,0.653955403205858,0.8011853250723061,0.7921393246141387,0.7497053851962524,0.4683439751673915
ema_slope_200_z,0.24154867799120278,0.4642386336136504,0.501860407428303,0.6625038335742881,0.7520396155724308,0.8534180876596698,0.8928754744246369,0.9639174279738911,0.9513604437498125,1.0,0.7044317885180164,0.9064217943352567,0.8760106878547915,0.7205894519994893,0.4631151867658563,0.0789099026725885,0.7390500398646933,0.6986543911940978,0.042132345012589605,0.7725481597231171,0.7736955723919582,0.045896536776075886,0.4987554704420163,0.07496239720234968,0.02376067523673871,0.06961945934755255,0.5443716308660455,0.07241263720488825,0.07322880825769364,0.09897923221616337,0.1888827088877313,0.6349002851042315,0.7758932282026447,0.6549067103241792,0.6122979254194444,0.3305659105079247,0.10600006124254975,0.021344552064668516,0.06867519626628893,0.057299960226322125,0.012999460455874488,0.008055139955544504,0.002984128793998916,0.011564399004712225,0.0037369526213670524,0.3899961217358354,0.32706761988696764,0.5872306104182615,0.6553232559074064,0.5818792060211607,0.7722495246331882,0.7312936945698144,0.6984380205385885,0.464535026410096
ema_spread_9_21_z,0.6028137998541443,0.8513200450358264,0.8680006246019644,0.9844858138348209,0.9332789211698623,0.945206521525511,0.8491327381725342,0.8219209760972068,0.7455290111588555,0.7044317885180164,1.0,0.771617999954858,0.38891017431312297,0.19294533410922293,0.8539823874145305,0.03218627047241871,0.761205973968056,0.8905314975515927,0.039238767307166,0.5784355883820841,0.529349585639217,0.04457267882935182,0.27832455222537134,0.551497845079724,0.1189712752623059,0.06089157806074458,0.7266365916847234,0.08436455259495186,0.03540394176013458,0.05263105637812826,0.5067040609321685,0.9224575535160903,0.5304049815321937,0.4123637977018612,0.7490489126926951,0.15825837334990112,0.08354591259955899,0.0482507578269977,0.08598796886671596,0.06144141039183465,0.0041233608844788855,0.010157862442406882,0.011632238979733185,0.00392901168463695,0.008872061874861071,0.7338630279203998,0.6320457821485448,0.7455158672459757,0.7400441988656328,0.6335007863995844,0.5116826357993602,0.6064745546851545,0.5521367260481201,0.22490822928768137
ema_spread_21_50_z,0.24402750599234585,0.4464578754149941,0.5358625344661386,0.7028131784401307,0.805609778051301,0.9168373731799556,0.890074066902554,0.9609370832348871,0.865207406383203,0.9064217943352567,0.771617999954858,1.0,0.7822064285078842,0.5302822379679589,0.47214636272265065,0.0762157216854751,0.6706624844805924,0.8142907778058655,0.004020715584331005,0.6677650423308483,0.7961825950276412,0.05046184947943039,0.39650243382301675,0.014092706233380022,0.04642361622674388,0.059420476229065454,0.47355097043749445,0.06150181301806194,0.04571647642806228,0.08508514177376032,0.16350983561129664,0.7264606125932805,0.7974248018827582,0.5024000149159698,0.7387377785871437,0.2680580091395694,0.23488267576712654,0.03409979472955316,0.09139850472473687,0.0685740524128197,0.009485902035963008,0.010145132621456275,0.006861094823523984,0.015313227989272671,0.001932484662401044,0.41209018690234606,0.3386742065330851,0.5409369657216088,0.7316370715455383,0.6134547127730986,0.670601479756964,0.6459975744790795,0.6011579305347998,0.31766704796352324
ema_spread_50_100_z,0.0007296799371672375,0.11801876815075676,0.20077841351523995,0.32625925081516066,0.49356917757848595,0.5987955584697433,0.6971119693842308,0.7862393940008031,0.8030453232624736,0.8760106878547915,0.38891017431312297,0.7822064285078842,1.0,0.8169467986990564,0.13797750480183377,0.05371855166392401,0.5309326513132259,0.4619861332945174,0.04481973524808005,0.6671576795132556,0.7566544586108511,0.05347413444402105,0.4828348984255928,0.2416384508903609,0.053047803400776104,0.07135309255484616,0.29999308936674207,0.05460049541061192,0.07118163801485602,0.1102550915322062,0.031689463771281436,0.35650223855040075,0.7585357633523465,0.5806838017093571,0.4202660399578735,0.5567814322322769,0.13963234926231247,0.0025076371505593016,0.052718034577770405,0.0532593028981117,0.02546179595650622,0.00015647674993567883,0.008627185627739105,0.0241911001200569,0.01566294709894977,0.09974578029244116,0.0876432142674797,0.3428814099379342,0.45854762609988337,0.41297161120629394,0.6998586235711566,0.5993758961065438,0.5719368988314327,0.44647263822225186
ema_spread_100_200_z,0.08577290178342999,0.003936721742286109,0.04750722778621021,0.14534711189949734,0.2823836303658406,0.3716905496620293,0.48729888039547653,0.5666335573326213,0.6501212696682117,0.7205894519994893,0.19294533410922293,0.5302822379679589,0.8169467986990564,1.0,0.010510302318808756,0.06773720204087702,0.4466929908103315,0.2558478988857768,0.12282129304394274,0.6440903681162565,0.5072641893271954,0.07412599036000135,0.5762129378748102,0.2433824378755247,0.0340060192222824,0.008059019858331988,0.22918925332367732,0.00917871608463677,0.08268854876556171,0.04193730267832469,0.09211306416366187,0.1721292071860477,0.5094189388305539,0.6376153591678505,0.23955518619424623,0.4617108607319217,0.09269785671412695,0.022501300964111966,0.026105770674810642,0.009282326602654597,0.006363495994869459,0.013139902727404057,0.005004865736510289,0.021765242268509007,0.011304669566040067,0.006599181073202772,0.04381213741835335,0.253596488677315,0.23706797165195695,0.2232144495729231,0.6356251883601984,0.5012131502929459,0.47773508642074713,0.5776473840138338
MOM_pct_14_z,0.755573488056304,0.8789852944170473,0.8942269131706565,0.8722722545640149,0.808133136165272,0.7139205793764729,0.6793620735363579,0.5705087749783461,0.5720691242612496,0.4631151867658563,0.8539823874145305,0.47214636272265065,0.13797750480183377,0.010510302318808756,1.0,0.0037611922440665808,0.6971949926549619,0.6722650704671157,0.04142011687991889,0.4521912233423546,0.3364418025205203,0.037368209130165725,0.19243775819884712,0.7774487799610171,0.13356897698882594,0.06128163025995141,0.7896790773698076,0.07824671724334945,0.01856730375468477,0.03327779995997676,0.6342050189812257,0.7559146403768545,0.3372526888101814,0.3213145155887372,0.48670020827273985,0.2558639664478863,0.001681995713068571,0.04039944044608789,0.05776724873335688,0.040161533385403354,0.011127701333056066,0.007753131031089155,0.024712871412103248,0.015140669228235914,0.016266441226453533,0.7530737931640458,0.6684170840616184,0.73196459008093,0.6003186878051056,0.5242503258547401,0.37328230385232886,0.49688941209556853,0.45293156450397304,0.17087197234974077
ADX_14_scaled,0.0017509329523095248,0.00021631185638459625,0.014775922038367438,0.024012321709162822,0.047891312920954124,0.05918837406086771,0.07046605295847856,0.07983805613449314,0.07312220622413138,0.0789099026725885,0.03218627047241871,0.0762157216854751,0.05371855166392401,0.06773720204087702,0.0037611922440665808,1.0,0.050180196868352456,0.02647086983886053,0.7127627134029967,0.07528261714519201,0.05775472537837533,0.20428130486338283,0.056227474755469,0.027153112062416804,0.48830634355059915,0.49532083214516004,0.02028450611833727,0.43088548187659614,0.3537642531806147,0.1782947593017756,0.0033705208055891207,0.015439864244195418,0.061144595824634884,0.05655135316501131,0.01817012948004497,0.06577526311135395,0.04373345683545808,0.003349984195801256,0.146775586440662,0.21399881171718388,0.26985309858356804,0.13770096169440957,0.027865561455478968,0.179457175113469,0.25341677290304276,0.24590622148627056,0.28210121973916547,0.004266058780185815,0.25025642856797187,0.2173025185975217,0.04034687743727673,0.1750263733429875,0.12619206724065216,0.051933912227278306
RSI_14_bounded,0.6557505214252176,0.6817656797662803,0.787550197178451,0.7391731748032278,0.8439116090016112,0.7579138151104912,0.8506444437582623,0.7524200342217399,0.8426111025784832,0.7390500398646933,0.761205973968056,0.6706624844805924,0.5309326513132259,0.4466929908103315,0.6971949926549619,0.050180196868352456,1.0,0.71836364537138,0.019141026923297996,0.9190860955006217,0.5985391268724847,0.03235525063559751,0.6926054134994539,0.4528503868493234,0.075132863352858,0.06967967595465933,0.9122877585770179,0.09841647447964261,0.06371488585483669,0.07739795731061917,0.5691582534897183,0.7281048613069073,0.5993517709523134,0.5941399339917156,0.4967125842718007,0.07879116236945709,0.01721000245277814,0.02553375475927317,0.06390521328934907,0.046726398149224205,0.003904352150938628,0.00302542646684616,0.02283591767121712,0.006075711976008623,0.009308560984921612,0.6613552914788238,0.6061460081272553,0.9143816434246778,0.6840255310760978,0.6245811468466071,0.8397637342447322,0.7255743070992162,0.6928941145686437,0.6450741023715858
MOM_pct_30_z,0.5222777506325524,0.6487722786435179,0.7684155610908697,0.8353235490372103,0.8854158144203294,0.8834107472638202,0.8339268287416003,0.8005121431331866,0.7444575005073593,0.6986543911940978,0.8905314975515927,0.8142907778058655,0.4619861332945174,0.2558478988857768,0.6722650704671157,0.02647086983886053,0.71836364537138,1.0,0.05055466787100319,0.5857109576292215,0.5570142938150499,0.050012218159980096,0.3047910050602166,0.3142056181808277,0.09384447487275094,0.06460834085238257,0.6162002635044566,0.08977272125271936,0.05192816869981706,0.058960055411424454,0.4178400327070782,0.8820398801545642,0.557886774618747,0.40176721258242143,0.7613172935645154,0.09831108900700401,0.10376882784207006,0.026743382545808537,0.0702806290881574,0.05178890416311709,0.011202712208196198,0.02089186135355994,0.02379231403280008,0.01441342464620301,0.015921762098113107,0.6218242618945082,0.542220623622324,0.6622767847897515,0.7128474593965872,0.624471727769365,0.525209207468709,0.589790260354221,0.5374413531334242,0.24277228571076911
ADX_30_scaled,0.025729122100678934,0.03796750634364277,0.037003602279882676,0.04037219500585139,0.026528563265497292,0.02213184462978552,0.004791289851683468,0.013220566682101986,0.0334869090433277,0.042132345012589605,0.039238767307166,0.004020715584331005,0.04481973524808005,0.12282129304394274,0.04142011687991889,0.7127627134029967,0.019141026923297996,0.05055466787100319,1.0,0.07234499804317611,0.0063037825591785186,0.576903397612032,0.10361868426163869,0.021013669693015533,0.5003535502397815,0.29385387039672517,0.004808089838382601,0.41806450966803776,0.5333886682455968,0.4294160678596687,0.020340961036700664,0.04779296126979524,0.0032768660474027595,0.047936255360483904,0.0415871644492366,0.0454013600102212,0.03592900365452827,0.057197718838866644,0.010496012874483481,0.09767535942235403,0.2135064160868164,0.09726631394046648,0.049521085493122445,0.035994087974355424,0.14807264430302663,0.15681859191932399,0.20320473523264554,0.005133111498843333,0.2210672422421971,0.3124173197329099,0.03283552074400229,0.2615528074103758,0.2501773849344553,0.10247173413365936
RSI_30_bounded,0.3723100208583616,0.43400930061218695,0.5211628765294234,0.5418647848420153,0.6646500723662729,0.6538528479076461,0.7507644083418658,0.7245560877648545,0.8092825127188102,0.7725481597231171,0.5784355883820841,0.6677650423308483,0.6671576795132556,0.6440903681162565,0.4521912233423546,0.07528261714519201,0.9190860955006217,0.5857109576292215,0.07234499804317611,1.0,0.6143603221182302,0.0009214697971899018,0.8876312880035474,0.18315839810777024,0.026751317167476057,0.052284715870436343,0.7273450692098627,0.06481850134848322,0.06493855457915192,0.06885628402606589,0.31563736378216917,0.5501161130668537,0.6154714417091087,0.635269253955768,0.4332409826180175,0.2561217945599104,0.009070465130032969,0.011424145053242886,0.043981840933703525,0.03265798676274578,0.009681430885301653,0.0029848086970154135,0.008691548072140218,0.0012725634897433633,0.0037803512192623877,0.43019052327343593,0.382404390627548,0.7622595569880155,0.5685605945117596,0.5048852502745349,0.929781894460441,0.6819471464175813,0.6480180609046948,0.8294096841578809
MOM_pct_72_z,0.2524434994384254,0.3193952228642826,0.42601654710149206,0.47749267678542484,0.6625911534517919,0.6925643762358545,0.7766648765650381,0.7844718022193552,0.7827137475296333,0.7736955723919582,0.529349585639217,0.7961825950276412,0.7566544586108511,0.5072641893271954,0.3364418025205203,0.05775472537837533,0.5985391268724847,0.5570142938150499,0.0063037825591785186,0.6143603221182302,1.0,0.020331942467399486,0.38668799765077616,0.026314226557875964,0.004950066308767772,0.0537848529634617,0.45715909830129065,0.060979174756934436,0.07132787965821598,0.06977169996822741,0.20548721458383545,0.48010228460463744,0.9996414931003927,0.46090424303093136,0.4214676924062314,0.6280516057331778,0.4525198619099668,0.01581380646170621,0.07550399353818323,0.06695241843057678,0.01930685318747404,0.0037623153443044066,0.0009416495722284168,0.016672528967803493,0.01317094897033159,0.27647017436974736,0.23677964648513472,0.45855428227438194,0.6629282550098273,0.5787808710816925,0.681080556878295,0.5912708008369214,0.5581594192637874,0.3260044278499434
ADX_72_scaled,0.025763055359568802,0.03176331553748462,0.04192702335983735,0.04315729105141707,0.05599749625467007,0.05301840269926929,0.06886866918642824,0.06520934112999088,0.05234838869141116,0.045896536776075886,0.04457267882935182,0.05046184947943039,0.05347413444402105,0.07412599036000135,0.037368209130165725,0.20428130486338283,0.03235525063559751,0.050012218159980096,0.576903397612032,0.0009214697971899018,0.020331942467399486,1.0,0.08717727653258134,0.0023956865845138615,0.17890618017714402,0.07876630185390456,0.033316767682606496,0.15187987814586962,0.28081776225125193,0.4339112960766555,0.01962849167779839,0.04728355969015914,0.021990827856697908,0.005550833318328447,0.03781366352232274,0.021446062011946643,0.0012976579231958408,0.03582796723298894,0.03317327153987314,0.02868486385596146,0.05131281576083555,0.011240608542435766,0.0407480697889802,0.042835702566201776,0.02465531012708088,0.015689089620141292,0.047653546650711656,0.018609167324853453,0.045332149832858895,0.1055905281358639,0.027069282326004244,0.11914027468872213,0.17035626540168444,0.04344277353631056
RSI_72_bounded,0.1350598243004366,0.1772877309799326,0.22196457121064705,0.2509208833669474,0.3303093955676079,0.3466393716073297,0.4107691516195101,0.42001471254385736,0.4960332718778595,0.4987554704420163,0.27832455222537134,0.39650243382301675,0.4828348984255928,0.5762129378748102,0.19243775819884712,0.056227474755469,0.6926054134994539,0.3047910050602166,0.10361868426163869,0.8876312880035474,0.38668799765077616,0.08717727653258134,1.0,0.039790565152689035,0.010850520439275186,0.01903776427968541,0.4858232374258853,0.014610469938692998,0.04086783849521336,0.007885549733592456,0.11330381595804451,0.2675707549055737,0.3871645243938743,0.47057930595728037,0.22414856887581117,0.2507950211645211,0.0919477464636242,0.004204022136989533,5.603416999148929e-05,0.0020216457868663263,0.006538425704349078,0.0027569944730043167,0.0026119002360503354,0.00929534426697761,0.003365660897197025,0.17962143908274741,0.14966366738712797,0.5297991631830002,0.28610512650343595,0.23931506194883642,0.7975850080372129,0.41398282704516276,0.38353989414286754,0.9297553845191189
MACD_hist_pct_z,0.760742219883326,0.845987485786405,0.7300789450117474,0.6308201493898338,0.48135009845742727,0.3333466284718586,0.3109702624347331,0.16413245706038432,0.21090355680607084,0.07496239720234968,0.551497845079724,0.014092706233380022,0.2416384508903609,0.2433824378755247,0.7774487799610171,0.027153112062416804,0.4528503868493234,0.3142056181808277,0.021013669693015533,0.18315839810777024,0.026314226557875964,0.0023956865845138615,0.039790565152689035,1.0,0.12386660142392392,0.03847790824068285,0.6618260233848865,0.06183764781221891,0.0018508154805494728,0.003511583093377359,0.7481893459399891,0.46674395048638184,0.026705411903653564,0.12290828784897623,0.10300133680156069,0.44497895410985244,0.16752756985428652,0.0272573694699742,0.011199039090942883,0.011378460250384023,0.014678113452337034,0.0009037830384197229,0.032024311274972676,0.02643314212005044,0.015826758553007792,0.6202176962111944,0.5729616414891541,0.5461642705569918,0.2725128948273354,0.2556619132713267,0.08020357375088225,0.22761771379444212,0.20302827685004166,0.05808873126928031
NATR_14_z,0.15616147934382274,0.13500373829417972,0.1557170171499061,0.12315143443153112,0.1286967032334365,0.09447357822291724,0.09577072391803636,0.061383520512995976,0.05744408910277072,0.02376067523673871,0.1189712752623059,0.04642361622674388,0.053047803400776104,0.0340060192222824,0.13356897698882594,0.48830634355059915,0.075132863352858,0.09384447487275094,0.5003535502397815,0.026751317167476057,0.004950066308767772,0.17890618017714402,0.010850520439275186,0.12386660142392392,1.0,0.6138133826798898,0.09626097082813873,0.7860641901094985,0.6511562749075288,0.31775995921175776,0.13745895081863313,0.10936335967323252,0.00013626116366918177,0.03162335267782574,0.05454175600615916,0.08401222914476573,0.008182604835470597,0.0745046157669765,0.28418411332519933,0.42320641662825353,0.5236120691110502,0.2791308813297252,0.08541034277613047,0.3348511922236783,0.48381105297625004,0.4551352936477973,0.26490234469731805,0.06708992428871853,0.3318174512734019,0.3010275403449505,0.028207824647042395,0.17414441590944785,0.19402564576524864,0.04044087776844091
bb_width_20_sqrt_z,0.05523392533168266,0.05636956673295086,0.06354352952935152,0.05820586873423107,0.06434128802016613,0.05749117231241325,0.06765192554614347,0.06412848924136386,0.07204864687099465,0.06961945934755255,0.06089157806074458,0.059420476229065454,0.07135309255484616,0.008059019858331988,0.06128163025995141,0.49532083214516004,0.06967967595465933,0.06460834085238257,0.29385387039672517,0.052284715870436343,0.0537848529634617,0.07876630185390456,0.01903776427968541,0.03847790824068285,0.6138133826798898,1.0,0.09431968982031329,0.6063113556999729,0.34545707873743364,0.17309135842988893,0.04777004803665853,0.0690676905429734,0.04998904795258473,0.04730543154627253,0.051960670249266615,0.021576315077712103,0.005486730975802611,0.10877114771311362,0.3184720878150593,0.3760829203698436,0.36323388826076874,0.1777834576109238,0.08313231086761638,0.298068902643541,0.35839691736064644,0.24291308044536908,0.44512456627383146,0.10640364723410461,0.05851794085758277,0.2908491437068159,0.10023992907232608,0.019089065325137176,0.18786251901868764,0.03691308465176309
bb_pos_20_norm,0.8161005663786386,0.7782926332161483,0.864123408736222,0.7335042204565781,0.8053341371013988,0.6455375030263568,0.7464842326904976,0.5854981364851388,0.7013170232198879,0.5443716308660455,0.7266365916847234,0.47355097043749445,0.29999308936674207,0.22918925332367732,0.7896790773698076,0.02028450611833727,0.9122877585770179,0.6162002635044566,0.004808089838382601,0.7273450692098627,0.45715909830129065,0.033316767682606496,0.4858232374258853,0.6618260233848865,0.09626097082813873,0.09431968982031329,1.0,0.09892314572025428,0.04950271680171973,0.06660505351927193,0.7324698529822613,0.6736674634325728,0.4573175086115248,0.48153830549036863,0.34443802420058905,0.04684915287324146,0.0129597325273657,0.027990640031620606,0.05027372238116734,0.03820100536250641,0.002645417716463117,0.002339437269770612,0.035500506927994155,0.014731597070759207,0.014247099233733932,0.7318630789032338,0.6936377523205111,0.9135292136882183,0.6208817764956132,0.5830243544653179,0.6520910389073431,0.6331234200735957,0.6066987097232918,0.46520742640146645
volatility_24_sqrt_z,0.05329926022225858,0.07761528649693036,0.07280576908968082,0.08380397104523073,0.07298165419131043,0.07457889242763378,0.07233338147837128,0.07027051962397494,0.07651406357485509,0.07241263720488825,0.08436455259495186,0.06150181301806194,0.05460049541061192,0.00917871608463677,0.07824671724334945,0.43088548187659614,0.09841647447964261,0.08977272125271936,0.41806450966803776,0.06481850134848322,0.060979174756934436,0.15187987814586962,0.014610469938692998,0.06183764781221891,0.7860641901094985,0.6063113556999729,0.09892314572025428,1.0,0.6076775357235192,0.3067631906428528,0.04467103279273807,0.09732008261123458,0.057626602534393306,0.07740877219801007,0.09027014075411066,0.02828395185583315,0.023169347035348717,0.042670349859203933,0.21289994442251242,0.31599119711693135,0.38866562771894586,0.224152926188694,0.055335859500495396,0.2406590954140827,0.3602749760636503,0.24970757024312057,0.4728423312287173,0.12783863563477094,0.13657778903268442,0.4014863684299256,0.09883340710556215,0.0009405968828001929,0.2541648272618527,0.04389705426720021
volatility_72_sqrt_z,0.0002530679266629574,0.018028987211975385,0.01597804236051623,0.03161336040442167,0.03401670704365335,0.04173391939472007,0.04382868784830768,0.04721878820390317,0.06962581038871048,0.07322880825769364,0.03540394176013458,0.04571647642806228,0.07118163801485602,0.08268854876556171,0.01856730375468477,0.3537642531806147,0.06371488585483669,0.05192816869981706,0.5333886682455968,0.06493855457915192,0.07132787965821598,0.28081776225125193,0.04086783849521336,0.0018508154805494728,0.6511562749075288,0.34545707873743364,0.04950271680171973,0.6076775357235192,1.0,0.43128851247929034,5.223548639328131e-05,0.043859059865988655,0.06882156935989786,0.11001702637342073,0.046900261515770474,0.03165234121715145,0.01999334857502016,0.09522671491429559,0.03800572297873797,0.1557086145982228,0.2606493335122847,0.14589814628469605,0.09143549601734828,0.018628053795009848,0.201464716130708,0.21455696570452135,0.25957157457156865,0.06055365300963798,0.22172953148992003,0.4365702244875715,0.11628807072019474,0.07191608055313053,0.3366109432931405,0.07190276927723097
volatility_168_sqrt_z,0.01663628249779809,0.03033959276437984,0.03654612507653336,0.047224216378707315,0.06580950125924298,0.0731403758559086,0.08632907953405855,0.09029728738013203,0.09665320741259473,0.09897923221616337,0.05263105637812826,0.08508514177376032,0.1102550915322062,0.04193730267832469,0.03327779995997676,0.1782947593017756,0.07739795731061917,0.058960055411424454,0.4294160678596687,0.06885628402606589,0.06977169996822741,0.4339112960766555,0.007885549733592456,0.003511583093377359,0.31775995921175776,0.17309135842988893,0.06660505351927193,0.3067631906428528,0.43128851247929034,1.0,0.01612569673554969,0.05253634135458948,0.06905652473350553,0.1244163379032329,0.050297870583539774,0.024186260003854744,0.02738289965753509,0.04911620500594691,0.04795458335200905,0.028000203439756427,0.13428483794706914,0.07327345463484033,0.044061089458893185,0.022763947814693427,0.005089350680925642,0.08309152331058516,0.15108228422240844,0.05939715968169431,0.06520512758253978,0.22954313299532597,0.09735233828379691,0.11804073006309294,0.3531613874974804,0.019439406046187276
log_ret_6_z,0.8979744497842717,0.7338197368760435,0.7942635929303032,0.5420334269525859,0.6093097778357339,0.36815458721427563,0.48284142092231014,0.2600614266029657,0.3945737241313692,0.1888827088877313,0.5067040609321685,0.16350983561129664,0.031689463771281436,0.09211306416366187,0.6342050189812257,0.0033705208055891207,0.5691582534897183,0.4178400327070782,0.020340961036700664,0.31563736378216917,0.20548721458383545,0.01962849167779839,0.11330381595804451,0.7481893459399891,0.13745895081863313,0.04777004803665853,0.7324698529822613,0.04467103279273807,5.223548639328131e-05,0.01612569673554969,1.0,0.48918787048709655,0.20546794754093936,0.20987855209468917,0.015998654394414995,0.20237241916871557,0.01448762011089425,0.024982438932604187,0.027437945687696527,0.018860561711881278,0.020970962114933024,0.011475416277170952,0.03128249324230801,0.023408264988886273,0.022180612468871007,0.6399595270648764,0.5702992334452364,0.6109370458870476,0.4495888473716706,0.4062683430981162,0.2642491386430546,0.3816923622934903,0.3443904301902031,0.1153883773965836
log_ret_24_z,0.6050026976381833,0.7274860789866447,0.8341012296348697,0.87942272839221,0.8854269697262137,0.8565780393814857,0.8004142726008785,0.7438291613080014,0.7004648543773668,0.6349002851042315,0.9224575535160903,0.7264606125932805,0.35650223855040075,0.1721292071860477,0.7559146403768545,0.015439864244195418,0.7281048613069073,0.8820398801545642,0.04779296126979524,0.5501161130668537,0.48010228460463744,0.04728355969015914,0.2675707549055737,0.46674395048638184,0.10936335967323252,0.0690676905429734,0.6736674634325728,0.09732008261123458,0.043859059865988655,0.05253634135458948,0.48918787048709655,1.0,0.48088783455253986,0.3889593069750588,0.8447285843186453,0.2680426806928963,0.0487466711111258,0.0301801267972688,0.06926040618530531,0.050438606580439915,0.01283630397255644,0.012161751894365835,0.02545628898427403,0.016742893655580092,0.017303299142852696,0.7189978090431378,0.6333563009100566,0.73747004509104,0.6856315222682446,0.5981897747867626,0.47367024621999504,0.567731287211897,0.513247656081077,0.21555686860168347
log_ret_72_z,0.25245390633011117,0.3199976142009983,0.4266744628131047,0.47848107204471496,0.6638144453120988,0.6939295004542673,0.7783155786563999,0.786312788416318,0.784726043420893,0.7758932282026447,0.5304049815321937,0.7974248018827582,0.7585357633523465,0.5094189388305539,0.3372526888101814,0.061144595824634884,0.5993517709523134,0.557886774618747,0.0032768660474027595,0.6154714417091087,0.9996414931003927,0.021990827856697908,0.3871645243938743,0.026705411903653564,0.00013626116366918177,0.04998904795258473,0.4573175086115248,0.057626602534393306,0.06882156935989786,0.06905652473350553,0.20546794754093936,0.48088783455253986,1.0,0.461781444021092,0.4221698832191634,0.6293598838650669,0.45236489782372347,0.015830040835181167,0.07401794646547213,0.06397812434947382,0.016047477291002143,0.005483889112747858,0.0016188033956890042,0.014365309121940388,0.00978785244703302,0.27942640782917716,0.23398682396681747,0.45920110547857457,0.6641180937895227,0.5769674172949231,0.6825331139094112,0.5942534546859666,0.5580216583495664,0.32615651124109246
log_ret_168_z,0.2523520909153219,0.3032596166960934,0.3623134843542095,0.38602248370383735,0.47765161303234127,0.47917111550656033,0.5827146014185737,0.5761250351934426,0.6693736950405429,0.6549067103241792,0.4123637977018612,0.5024000149159698,0.5806838017093571,0.6376153591678505,0.3213145155887372,0.05655135316501131,0.5941399339917156,0.40176721258242143,0.047936255360483904,0.635269253955768,0.46090424303093136,0.005550833318328447,0.47057930595728037,0.12290828784897623,0.03162335267782574,0.04730543154627253,0.48153830549036863,0.07740877219801007,0.11001702637342073,0.1244163379032329,0.20987855209468917,0.3889593069750588,0.461781444021092,1.0,0.31831498106542994,0.19680686047731755,0.4063999428943714,0.016312174451265437,0.02349209647704641,0.019532996616673532,0.031992494619230594,0.00431745407072041,0.0021785171585026798,0.012421958440439333,0.018814288868756,0.27887519293552404,0.2524670686032086,0.4858209025962009,0.40120430683854513,0.3740979313354045,0.6074377787265032,0.6091059742408796,0.6093297041574092,0.5224713757607675
ret_accel_6_24_z,0.1877444770196324,0.4087419547349865,0.488356892516141,0.6829990128593647,0.6451826539469676,0.7619008333898428,0.6236664160848546,0.6967685525015612,0.5619205544718368,0.6122979254194444,0.7490489126926951,0.7387377785871437,0.4202660399578735,0.23955518619424623,0.48670020827273985,0.01817012948004497,0.4967125842718007,0.7613172935645154,0.0415871644492366,0.4332409826180175,0.4214676924062314,0.03781366352232274,0.22414856887581117,0.10300133680156069,0.05454175600615916,0.051960670249266615,0.34443802420058905,0.09027014075411066,0.046900261515770474,0.050297870583539774,0.015998654394414995,0.8447285843186453,0.4221698832191634,0.31831498106542994,1.0,0.21225275970169638,0.07137428924131767,0.01868471311336435,0.06240643526281631,0.045865236800874155,0.001401779879563505,0.011844953730111515,0.009653910757578724,0.003554497616375878,0.005539903319167628,0.4489717551939152,0.3936453615771667,0.48720129302094634,0.5217070876976205,0.45027293962738324,0.3751460096525151,0.4290012998697202,0.3785283091119771,0.16485882342090516
ret_accel_24_72_z,0.2411117548908707,0.2559946245327524,0.21628497000532218,0.18539459470227443,0.007395844279071,0.0640633030342804,0.1901472027005853,0.2456883026450466,0.2824813108795932,0.3305659105079247,0.15825837334990112,0.2680580091395694,0.5567814322322769,0.4617108607319217,0.2558639664478863,0.06577526311135395,0.07879116236945709,0.09831108900700401,0.0454013600102212,0.2561217945599104,0.6280516057331778,0.021446062011946643,0.2507950211645211,0.44497895410985244,0.08401222914476573,0.021576315077712103,0.04684915287324146,0.02828395185583315,0.03165234121715145,0.024186260003854744,0.20237241916871557,0.2680426806928963,0.6293598838650669,0.19680686047731755,0.21225275970169638,1.0,0.4285657199766201,0.012859723916416894,0.020721667033499334,0.023677277334301597,0.00993169413302557,0.006473147537002006,0.008559568657477354,0.014900371238981974,0.006857772915636323,0.26118698726166273,0.27379827407431223,0.08762433575777913,0.1500239549918692,0.09602152800087685,0.37759439909768266,0.18577367963455033,0.17641887888670751,0.20464110178406503
