,dist_ema_9_z,ema_slope_9_z,dist_ema_21_z,ema_slope_21_z,dist_ema_50_z,ema_slope_50_z,dist_ema_100_z,ema_slope_100_z,dist_ema_200_z,ema_slope_200_z,ema_spread_9_21_z,ema_spread_21_50_z,ema_spread_50_100_z,ema_spread_100_200_z,MOM_pct_14_z,ADX_14_scaled,RSI_14_bounded,MOM_pct_30_z,ADX_30_scaled,RSI_30_bounded,MOM_pct_72_z,ADX_72_scaled,RSI_72_bounded,MACD_hist_pct_z,NATR_14_z,bb_width_20_sqrt_z,bb_pos_20_norm,volatility_24_sqrt_z,volatility_72_sqrt_z,volatility_168_sqrt_z,log_ret_6_z,log_ret_24_z,log_ret_72_z,log_ret_168_z,ret_accel_6_24_z,ret_accel_24_72_z,ret_accel_72_168_z,vol_ratio_24_log1p_z,vol_ratio_72_log1p_z,vol_ratio_168_log1p_z,range_sqrt_z,body_sqrt_z,vol_expansion_24_log1p_z,vol_expansion_72_log1p_z,vol_expansion_168_log1p_z,dist_to_high_24_sqrt_z,dist_to_low_24_sqrt_z,price_pos_in_range_24_norm,dist_to_high_72_sqrt_z,dist_to_low_72_sqrt_z,price_pos_in_range_72_norm,dist_to_high_168_sqrt_z,dist_to_low_168_sqrt_z,price_pos_in_range_168_norm
dist_ema_9_z,1.0,0.713484500022825,0.8925782173953739,0.578708066997034,0.6794305755948361,0.4104920432107821,0.525691331375257,0.2916637859596938,0.4133007130777548,0.20456546840603215,0.5667310353952699,0.22726017045244346,0.011598303153455503,0.10477574334559905,0.7222726940327899,0.032432089912183645,0.6856654784205938,0.4878369269701483,0.06231093604263819,0.4029068769326285,0.2964912159849186,0.048213465991465934,0.14809035513869895,0.7284050611419033,0.12131538785796225,0.03233231748775182,0.8184033934012653,0.02593072546851372,0.01623079029557703,0.010935716857749234,0.8763679451201624,0.5693346182470839,0.2963959973092068,0.18261967368228374,0.15728691561806252,0.11050919287603284,0.08538298667148615,0.10775817562510165,0.10271275987532935,0.07017069280531275,0.012639708186478998,0.0032397360324047777,0.015569869052394691,0.016420635244624542,0.003298490815921535,0.6593346219122159,0.5720082457808046,0.7313004593497502,0.47902335315664735,0.44448013666978664,0.376866406446778,0.36454557765450357,0.3444505240660728,0.13011013504155514
ema_slope_9_z,0.713484500022825,1.0,0.8656555860316086,0.9039123294777629,0.7559881306933529,0.6946868644119176,0.6150055154722794,0.5383601233515177,0.4984692164830416,0.4224235546701819,0.8305232639127922,0.4248208023194627,0.12824491245225975,0.04127459160257945,0.8480739668956274,0.03930430358865143,0.7008194399939873,0.6164185532463516,0.07133410510119996,0.46509745975672545,0.3607827975853537,0.058244811788890974,0.1939008900496577,0.8298480615384646,0.10030330992497895,0.021626340881525295,0.7731000693405776,0.01452052383049475,0.006145561472941366,0.009169599432367642,0.7017956503540019,0.7026120611079181,0.3608645773956851,0.2215949096482044,0.38367933149005967,0.12577507917856282,0.10325822096062073,0.15635041634096938,0.16499581483593093,0.12762121563136247,0.06425408861730951,0.044568482712598737,0.09548340852006779,0.0967686287967433,0.07808959474521669,0.6345770837476927,0.5482608677404422,0.7177642447038121,0.5146900587052636,0.47458376397669155,0.4230162598590227,0.408756062226017,0.3859757806920884,0.1554943841146692
dist_ema_21_z,0.8925782173953739,0.8656555860316086,1.0,0.8576259759928294,0.9016912429572702,0.7282472999181226,0.7520094550714566,0.586118494932137,0.6169801129402778,0.4650387843461311,0.8591500170352346,0.5276562161650707,0.2121715923376268,0.0019243015016719475,0.8770232156343102,0.018759985288037354,0.8194701017696634,0.7507635426486052,0.07533742503472209,0.5642385864481119,0.47067650905851477,0.07232666265843168,0.245517015330816,0.6973293415648931,0.10477993826220772,0.013095047459950744,0.8575600247656036,0.017689473956283047,0.015954982373369127,0.006765742608076722,0.7615594267331616,0.8205898682697758,0.4708562218586155,0.27124137557580313,0.4767287706802459,0.08125530575982085,0.14878929996859008,0.1393007128696359,0.16286032119265076,0.12058026854753585,0.03935119165895289,0.01815670499856644,0.06197421796960446,0.07191753216450843,0.05251213264783727,0.7053565134436844,0.6137431229469195,0.8079265492875521,0.6363019168588678,0.5655155243551676,0.5311143457960147,0.5050208775392481,0.4726012618163019,0.1959515447622032
ema_slope_21_z,0.578708066997034,0.9039123294777629,0.8576259759928294,1.0,0.8865729990436995,0.9028701958188438,0.7755540996208179,0.754110318305358,0.6514621283483601,0.6197525051235702,0.9820505254718815,0.6881998991160408,0.3300405973182631,0.08330589114726707,0.854198327179645,0.012836468311771643,0.748027299194253,0.8193007077415403,0.07487689261983879,0.5744266004267915,0.5072598184943853,0.07652244763889937,0.27142555329551155,0.5960635889671417,0.06650258651573561,0.007559540861803283,0.7091150982157758,0.0010422208501067749,0.006607940682166678,0.02604755815897692,0.5034580523694518,0.8693607428811183,0.5076764716398264,0.29018785819296106,0.6701697935167203,0.06428122570932787,0.16262396576016142,0.15117517927506574,0.1921372931785815,0.14976908195179442,0.0930574733844156,0.049494306858685194,0.10913540526635593,0.12418089446730737,0.10241918136903402,0.5995722841626271,0.5213773650156697,0.7028180736723827,0.6288243770519888,0.5465127005645931,0.5400447549038071,0.5098467391984913,0.47708494026314513,0.206521196248115
dist_ema_50_z,0.6794305755948361,0.7559881306933529,0.9016912429572702,0.8865729990436995,1.0,0.9243951349173695,0.9430012613414837,0.8473606993126648,0.8265204717715197,0.7303787854216836,0.9280359723372543,0.8206875323788666,0.5201792002889053,0.23904182799010726,0.7842185005150197,0.02769853302184876,0.8313244355875048,0.8745475620887897,0.055564626519236396,0.6916912489696763,0.7051660482247375,0.10389297920152643,0.355160834956125,0.4225896880559973,0.04658974672839424,0.045680932513720816,0.7461283289879025,0.021239529995427466,0.007075179290780271,0.024383684464105465,0.5632915589473799,0.8722519803782596,0.7058522246313289,0.38405591064325434,0.6358083306043891,0.1493957103495584,0.24021556027716434,0.12507549008473892,0.19369529559791196,0.1608387436231258,0.08290214909007414,0.03380259234453938,0.07387914808328955,0.10638991418738564,0.08919952364079643,0.5678142563236713,0.5261969378909862,0.71210165715447,0.7393470323976082,0.6137608346368842,0.6762585829355652,0.653059330543676,0.5923473932843429,0.28050093649212904
ema_slope_50_z,0.4104920432107821,0.6946868644119176,0.7282472999181226,0.9028701958188438,0.9243951349173695,1.0,0.9173203797185129,0.9427412526561821,0.8232735696877795,0.8266127007782148,0.9381185842789436,0.9228002669194042,0.6183074666436387,0.32070419887945184,0.6888983898680647,0.037191171356807384,0.7235869919100482,0.8706154843867338,0.0476199130979401,0.6668338763308983,0.7210138945372377,0.10352004813737269,0.36540875986130866,0.2789370990290787,0.005982481090666933,0.06884257623656183,0.5746224698120727,0.03982225115361026,0.0009135237191387076,0.040890915685468404,0.333288274220268,0.840621916174094,0.7218627068822824,0.3903362699345599,0.7393724543592405,0.19449829814114847,0.24678096930155274,0.11835221681147068,0.2028377615444268,0.17355399329161686,0.11672709753260727,0.05106660142431998,0.09669998782910345,0.1362007522257699,0.11917166255758395,0.43057938685428626,0.4125690055052328,0.5733778044763946,0.6980592595414469,0.5648186782984266,0.6580325901332019,0.6319304204512675,0.5732111330796333,0.28258892339308544
dist_ema_100_z,0.525691331375257,0.6150055154722794,0.7520094550714566,0.7755540996208179,0.9430012613414837,0.9173203797185129,1.0,0.9472048160792306,0.9541118499431991,0.889726007160058,0.8281911283140239,0.9037296040232876,0.7407542561585793,0.4743430965917743,0.6450747746348935,0.075189382309869,0.8056939133001759,0.8033786806206029,0.010585322138235683,0.7681961896897886,0.8198454676776641,0.10892770297611225,0.45713517008939236,0.2517432692321467,0.008114857118864578,0.08370186772936009,0.6615546095403371,0.06849062064581408,0.011393867835191031,0.04836305002662707,0.43464452820650257,0.7698978182938987,0.8210403854332533,0.5292891627168552,0.5962357946910927,0.34628535253059467,0.19832615651469104,0.10020370021204454,0.1919957302911041,0.1866707920575595,0.10697625655439692,0.04848129670860423,0.06702786264085432,0.11306944084257237,0.10576429121743669,0.42265415906116605,0.43988490128740854,0.6191455000946663,0.7133910104497417,0.5683844043367472,0.7473419147435635,0.7641488348091244,0.658609420087568,0.3920497058178735
ema_slope_100_z,0.2916637859596938,0.5383601233515177,0.586118494932137,0.754110318305358,0.8473606993126648,0.9427412526561821,0.9472048160792306,1.0,0.9285870870047406,0.9534292918536073,0.800634443465839,0.9621600616370277,0.8174683494935076,0.5446474483478814,0.5425082825273276,0.08113437936959146,0.6938771726513462,0.7685265127332797,0.020603412200041343,0.7290306192711388,0.8136639564114408,0.10465434536600983,0.4598292058500678,0.12069188734918167,0.04481229959821673,0.10369066253354764,0.5002583778300234,0.08495982976726914,0.01888393486937892,0.06390767507909179,0.23239696594077333,0.7140786450871317,0.8149405738261737,0.529255330186427,0.6589102171251803,0.3855448427846514,0.19219956911210376,0.08978455497141426,0.19201557480338702,0.19181167710415112,0.1318830700785853,0.06011732710363541,0.08252488162812494,0.13330217768874927,0.1269277615756198,0.29008622756155855,0.3293481922742203,0.48290957131111756,0.6540388939727403,0.5064893427027571,0.7134765578607916,0.7317515309101136,0.6264252932973328,0.390749437815815
dist_ema_200_z,0.4133007130777548,0.4984692164830416,0.6169801129402778,0.6514621283483601,0.8265204717715197,0.8232735696877795,0.9541118499431991,0.9285870870047406,1.0,0.9592056448870283,0.7028168647240558,0.8566042990530554,0.8480639533818018,0.6615681064252041,0.5297962752713511,0.11552905692673647,0.7919147163141076,0.6914367288210593,0.09651623711808345,0.836042735530393,0.8031089933410323,0.06576436140561816,0.5827406330176494,0.16406597010208723,0.05505777411187079,0.10256716113108771,0.6162380696135479,0.1117572956830517,0.05231567274554175,0.0972810191656825,0.3446133611202896,0.6532647830905577,0.8045911202753546,0.665463351108107,0.520205256383526,0.42023265192721915,0.06720960962879353,0.07445658759573158,0.17100161888702536,0.19109108816371365,0.1201113104427908,0.06061737233207646,0.05400407445910368,0.10275502811216398,0.10501344588843206,0.31423617069699433,0.3801276234621044,0.5643711230342566,0.6240620498903744,0.5040841902137967,0.7921131908845711,0.8009856974160107,0.6823571569214774,0.5373838442067591
ema_slope_200_z,0.20456546840603215,0.4224235546701819,0.4650387843461311,0.6197525051235702,0.7303787854216836,0.8266127007782148,0.889726007160058,0.9534292918536073,0.9592056448870283,1.0,0.6653512891439968,0.8875962639280116,0.9060437763761795,0.7196674601064161,0.43199685206231875,0.1197841953697934,0.6827967335979906,0.6487097203745582,0.10572053249044375,0.7892126190759139,0.7800769672910769,0.059915118372130476,0.5794036573062762,0.0460108428628155,0.08667747567091622,0.11699538862229779,0.46679037431350157,0.12356867353774771,0.05962316741780257,0.11083291157885009,0.16318395793047508,0.5935653116948216,0.7815307410610622,0.6578752455715541,0.5653308878150183,0.44703430133637395,0.05581592538184262,0.061973847364654125,0.164864913633263,0.1899851685728506,0.13835492401089153,0.0691896936248129,0.06513076999094038,0.11651428634377849,0.1195599291377907,0.19420540998435998,0.2757173723908161,0.4371380983664523,0.5601628829753932,0.44064664077861915,0.7511869567606079,0.760082468434335,0.6421602817642105,0.5332146048865005
ema_spread_9_21_z,0.5667310353952699,0.8305232639127922,0.8591500170352346,0.9820505254718815,0.9280359723372543,0.9381185842789436,0.8281911283140239,0.800634443465839,0.7028168647240558,0.6653512891439968,1.0,0.763644609765299,0.39472155227480654,0.1284857595498319,0.8373062106245557,0.009271156991274421,0.7680926352536775,0.8808870821705657,0.07820980070076916,0.6139492279669906,0.5581337433013349,0.08162084467290678,0.30297391911257104,0.5057580264405316,0.04948957185289647,0.027436556644966015,0.6953090703244603,0.012067567217048925,0.00351886927745636,0.032018052556868404,0.465071367777316,0.9150716694023798,0.5587089821026705,0.31486093716551455,0.7403086025856379,0.03586400633801763,0.1820953536674413,0.14462209300965614,0.19911859001048354,0.15739864546653948,0.10017856346271446,0.04814849058222292,0.10539909947112007,0.12890667601991468,0.1076830842178581,0.5816192377571783,0.5188464113318286,0.6988343300675685,0.6642653744031155,0.5738946116750272,0.5829153407561521,0.5435887899301766,0.511384494603691,0.23065992086709924
ema_spread_21_50_z,0.22726017045244346,0.4248208023194627,0.5276562161650707,0.6881998991160408,0.8206875323788666,0.9228002669194042,0.9037296040232876,0.9621600616370277,0.8566042990530554,0.8875962639280116,0.763644609765299,1.0,0.7941505054622557,0.4854062432793344,0.4603053308115434,0.05555052832259696,0.6070060336138594,0.7983097634192493,0.026219159293354024,0.65761664513149,0.8095421856465085,0.1041912368794081,0.40744250321567504,0.02014149872441135,0.06279210740475875,0.13032302791366207,0.3865483310224825,0.08561291965726635,0.010267951294154096,0.05814669869118712,0.15498735504643404,0.705995467673425,0.8105725350248335,0.42984154922158146,0.6986781970820336,0.38917091617459376,0.2775116532869773,0.07466892928035382,0.19075051241517052,0.1773834740249461,0.12888382299437273,0.050567892707239735,0.0723594901817732,0.13561334886637877,0.12475004113343459,0.21729630948981057,0.27194849208073874,0.3845492704170004,0.6515845369736448,0.506249098311945,0.6686646264472726,0.6475198443133409,0.5805740321570583,0.31698052244632735
ema_spread_50_100_z,0.011598303153455503,0.12824491245225975,0.2121715923376268,0.3300405973182631,0.5201792002889053,0.6183074666436387,0.7407542561585793,0.8174683494935076,0.8480639533818018,0.9060437763761795,0.39472155227480654,0.7941505054622557,1.0,0.8133548302686601,0.16080837863379002,0.11982105062153771,0.46577920697641795,0.44962126918098316,0.10537211115073872,0.6504981095712706,0.761728417031526,0.08137719554963387,0.5220772988603365,0.21991047226645608,0.12226160157491783,0.13923113426017408,0.23080636119713926,0.1316956515501616,0.052733939965233845,0.08334086788004422,0.012819251398846395,0.3529852899168558,0.7630277973407512,0.6322204765604137,0.3978037811849209,0.622976410991348,0.05416206145939628,0.0013769829127585256,0.10409885168167377,0.153366086994771,0.11713506866108349,0.053202729037253996,0.026708661071469568,0.08817082719646986,0.10129116303353515,0.025047517555381246,0.09185817457350878,0.19615473756262936,0.4128463929618509,0.29158676253080384,0.6276723504964452,0.6920132574908635,0.5456198834285998,0.4825385649838677
ema_spread_100_200_z,0.10477574334559905,0.04127459160257945,0.0019243015016719475,0.08330589114726707,0.23904182799010726,0.32070419887945184,0.4743430965917743,0.5446474483478814,0.6615681064252041,0.7196674601064161,0.1284857595498319,0.4854062432793344,0.8133548302686601,1.0,0.012280800250891684,0.13717301362071066,0.36349691572013626,0.17879677550342413,0.2170803987680493,0.6032078321917782,0.5008595760391815,0.020523977474343848,0.6239928538471803,0.2319187178518537,0.17880097206688164,0.1376602262841203,0.16123575923298966,0.16219326300501646,0.12998740175912174,0.13226211444665528,0.09450691997481707,0.10974272267259098,0.501633870460146,0.7145231089115341,0.17006927879366412,0.5169047615851842,0.22600019655490514,0.01587992602184033,0.04442835446940774,0.11219863330645162,0.11695305277088652,0.06981295870735024,0.009604464934516091,0.051760209437083135,0.08175285533029682,0.13881905944097742,0.017609832817413452,0.11772460268351843,0.1549691300092093,0.13432726980310028,0.5216874206878679,0.5102399512974899,0.4115715795048068,0.63193344518203
MOM_pct_14_z,0.7222726940327899,0.8480739668956274,0.8770232156343102,0.854198327179645,0.7842185005150197,0.6888983898680647,0.6450747746348935,0.5425082825273276,0.5297962752713511,0.43199685206231875,0.8373062106245557,0.4603053308115434,0.16080837863379002,0.012280800250891684,1.0,0.051474843447900646,0.7271811222630271,0.6483218884203292,0.0801403872111882,0.5009747906182193,0.38604905344947926,0.06346820845801084,0.22874994215956582,0.7374107664738342,0.07603212208641097,0.004282780051063089,0.7924799159713102,0.005813588607540396,0.007681482906073385,0.027972441416006043,0.5861879662808075,0.743032293062878,0.3859208915456702,0.24648765440624418,0.47862243583460756,0.12127557361808078,0.10278180219932245,0.1326751837808748,0.15331986742922651,0.11872767645592675,0.06801051725972586,0.047392162051377244,0.08251057536239624,0.09428411318830952,0.07788905108085162,0.6259954346865518,0.5737708626779087,0.7341281910373642,0.5187693765466378,0.49357179528917133,0.4475954233265555,0.4266372126790763,0.4086168274522161,0.18515604959694376
ADX_14_scaled,0.032432089912183645,0.03930430358865143,0.018759985288037354,0.012836468311771643,0.02769853302184876,0.037191171356807384,0.075189382309869,0.08113437936959146,0.11552905692673647,0.1197841953697934,0.009271156991274421,0.05555052832259696,0.11982105062153771,0.13717301362071066,0.051474843447900646,1.0,0.09285528799094567,0.013085992488735895,0.6878637372221177,0.154163800799609,0.051003911897177054,0.2048840884402505,0.15921311196974053,0.08900988343888823,0.43331470777957876,0.5409316735320595,0.013180375737248444,0.40820860456647806,0.1572829882312855,0.006932188035554291,0.03685707558776884,0.029361567209319907,0.05127070502789758,0.1425561285812665,0.015182100081927347,0.08103714383862223,0.10633802013529009,0.064018266933374,0.25122310749083243,0.2655864532831314,0.2861356274048352,0.17115023700611656,0.06503897668719555,0.2860389411721383,0.2999173531888678,0.2855564797822277,0.36591567774651246,0.019743221863028744,0.1702747611531505,0.19655014440375038,0.07497059190095644,0.17783052235969224,0.07342656903716324,0.11325426096828287
RSI_14_bounded,0.6856654784205938,0.7008194399939873,0.8194701017696634,0.748027299194253,0.8313244355875048,0.7235869919100482,0.8056939133001759,0.6938771726513462,0.7919147163141076,0.6827967335979906,0.7680926352536775,0.6070060336138594,0.46577920697641795,0.36349691572013626,0.7271811222630271,0.09285528799094567,1.0,0.7067703997007927,0.07180271728840522,0.9098921937826242,0.5344066964117615,0.017649627217345497,0.6849428348147666,0.4974302013107998,0.0003729001193483801,0.032874928392006585,0.9148742529928887,0.08047237404066865,0.07405820951674202,0.1547219376854259,0.5889438017434231,0.739818237833761,0.5356523030750462,0.5182109452651958,0.4831393683029256,0.06960306112508237,0.02808096936756807,0.09225186975075796,0.14554992851905016,0.13898472745515086,0.08510770368965416,0.04770629301165954,0.033116771248647585,0.05844961278614239,0.053612328215427926,0.5538513286753534,0.592031936841252,0.8606761398340577,0.5618698801793378,0.5634798548170636,0.7893598357925882,0.6159620608687639,0.6231833002348297,0.6077429725646076
MOM_pct_30_z,0.4878369269701483,0.6164185532463516,0.7507635426486052,0.8193007077415403,0.8745475620887897,0.8706154843867338,0.8033786806206029,0.7685265127332797,0.6914367288210593,0.6487097203745582,0.8808870821705657,0.7983097634192493,0.44962126918098316,0.17879677550342413,0.6483218884203292,0.013085992488735895,0.7067703997007927,1.0,0.085051382594927,0.6058250087113121,0.5629724111852075,0.07561180219158456,0.32320377747060297,0.2643060357594729,0.003418157021137969,0.08264510775076907,0.5637049880214081,0.057951383343307294,0.020123532679964837,0.05349804194676471,0.3837213010745172,0.8619036688261384,0.5639969216389492,0.3037852569416636,0.7319323603417949,0.013956748704281045,0.19541801930229627,0.09445211173764696,0.17706315031663214,0.14558986092464335,0.09883642507643063,0.040019259243766855,0.06658491315867779,0.11376662347253408,0.1003911930170508,0.4415270175327531,0.4277284474942232,0.5722920131303126,0.6287685277693691,0.5657210360016456,0.5788384987971449,0.5154014895223138,0.5093353671214261,0.2420407742764479
ADX_30_scaled,0.06231093604263819,0.07133410510119996,0.07533742503472209,0.07487689261983879,0.055564626519236396,0.0476199130979401,0.010585322138235683,0.020603412200041343,0.09651623711808345,0.10572053249044375,0.07820980070076916,0.026219159293354024,0.10537211115073872,0.2170803987680493,0.0801403872111882,0.6878637372221177,0.07180271728840522,0.085051382594927,1.0,0.16433721448163652,0.015415984721121314,0.6338553812393327,0.23025934831369765,0.0556609737815318,0.41871296244983297,0.3249305027446805,0.023780105150628804,0.36771486474195075,0.31466652228583314,0.0969541389687278,0.051748550074013556,0.08357454630329009,0.01395121168799135,0.18127122211625876,0.07284554615919508,0.040993365383744804,0.19232350602335882,0.045242118039259364,0.06267288717210281,0.12644849338421288,0.21049407472318218,0.11878177581105258,0.040003661042277955,0.10228614506693606,0.19230253762263524,0.21286788647824087,0.2393175362453961,0.007169937184395053,0.1920003049240983,0.31335221502180405,0.04126656917519504,0.24467473465105477,0.19764615484704354,0.1517148054716909
RSI_30_bounded,0.4029068769326285,0.46509745975672545,0.5642385864481119,0.5744266004267915,0.6916912489696763,0.6668338763308983,0.7681961896897886,0.7290306192711388,0.836042735530393,0.7892126190759139,0.6139492279669906,0.65761664513149,0.6504981095712706,0.6032078321917782,0.5009747906182193,0.154163800799609,0.9098921937826242,0.6058250087113121,0.16433721448163652,1.0,0.5979465754398482,0.07738728891950329,0.8897503756209333,0.22343168783369705,0.07191689978975924,0.08120119788019667,0.7218107098905744,0.12351978055891695,0.11625109746916643,0.22045235691078607,0.3448520793975993,0.5889411558181379,0.5991984495672066,0.62221529053654,0.4481421943000849,0.25707790096650995,0.07776015764473528,0.059827693425931694,0.13141402711781866,0.14607500286008643,0.11245391086352005,0.059944331660201466,0.02718161506192603,0.05609922244707325,0.0586420462883497,0.3204934446592856,0.42114025748758294,0.6704341178963991,0.4840044954115781,0.48048992159613113,0.8680414526312068,0.6323834658885303,0.6427283613883072,0.7936927620324753
MOM_pct_72_z,0.2964912159849186,0.3607827975853537,0.47067650905851477,0.5072598184943853,0.7051660482247375,0.7210138945372377,0.8198454676776641,0.8136639564114408,0.8031089933410323,0.7800769672910769,0.5581337433013349,0.8095421856465085,0.761728417031526,0.5008595760391815,0.38604905344947926,0.051003911897177054,0.5344066964117615,0.5629724111852075,0.015415984721121314,0.5979465754398482,1.0,0.09314382150024167,0.40554300396067844,0.030530711079872916,0.060220592044956174,0.1284791613700155,0.38131615983169237,0.08076395370391921,0.04048245439917865,0.03943994960680219,0.24338744431396603,0.5022254820161751,0.9997398316023011,0.4072741714837737,0.4097883602196721,0.715768964415218,0.4269274152099571,0.07741142176003733,0.14851389854618088,0.15843356267566816,0.11362354116923608,0.04437513155720136,0.06256136900976299,0.10154384492989472,0.10833442990357689,0.17785361325304477,0.2328224754337943,0.3254146501426863,0.5646167104577416,0.42267066441024426,0.6085065183779516,0.610277877136027,0.5335921867103391,0.3179741514840238
ADX_72_scaled,0.048213465991465934,0.058244811788890974,0.07232666265843168,0.07652244763889937,0.10389297920152643,0.10352004813737269,0.10892770297611225,0.10465434536600983,0.06576436140561816,0.059915118372130476,0.08162084467290678,0.1041912368794081,0.08137719554963387,0.020523977474343848,0.06346820845801084,0.2048840884402505,0.017649627217345497,0.07561180219158456,0.6338553812393327,0.07738728891950329,0.09314382150024167,1.0,0.1967536881793445,0.00039962170305451127,0.175999175066226,0.09348093117894005,0.0021735510574473803,0.12867393700788418,0.20971534719991725,0.22753377970299898,0.03635104061057369,0.06695915632768396,0.09140983355763803,0.0457546010172702,0.06494312755709977,0.06033833745844422,0.07541713423359327,0.06348236571887511,0.06721649211749414,0.0238051593960419,0.07133446053808425,0.03762840985722221,0.051595616503148416,0.04182118414221905,0.01405985871593506,0.06057193007059191,0.034432048159353336,0.013937552024210273,0.06058156851113113,0.14481513376681457,0.01445366716952172,0.047270033972900805,0.18226365329178063,0.07715892993430994
RSI_72_bounded,0.14809035513869895,0.1939008900496577,0.245517015330816,0.27142555329551155,0.355160834956125,0.36540875986130866,0.45713517008939236,0.4598292058500678,0.5827406330176494,0.5794036573062762,0.30297391911257104,0.40744250321567504,0.5220772988603365,0.6239928538471803,0.22874994215956582,0.15921311196974053,0.6849428348147666,0.32320377747060297,0.23025934831369765,0.8897503756209333,0.40554300396067844,0.1967536881793445,1.0,0.06300251981591781,0.099993646566335,0.07272896514576922,0.4907422293355872,0.11540421281574272,0.13316461751908337,0.2700472700987666,0.13501383035835465,0.2994881331456076,0.40629136079100825,0.5304744566439463,0.24209859541612821,0.25937294222300333,0.18791741251659833,0.02409545169941179,0.06802970578953726,0.08624680372022943,0.09092746541604686,0.05095590047652891,0.005056863367616475,0.013320636044042699,0.014883207496414,0.10006988316189158,0.21811551948279126,0.43995388168215943,0.2260153223068203,0.2614440255081532,0.7236049807641551,0.39584575528884275,0.4458933707516991,0.8801036321698171
MACD_hist_pct_z,0.7284050611419033,0.8298480615384646,0.6973293415648931,0.5960635889671417,0.4225896880559973,0.2789370990290787,0.2517432692321467,0.12069188734918167,0.16406597010208723,0.0460108428628155,0.5057580264405316,0.02014149872441135,0.21991047226645608,0.2319187178518537,0.7374107664738342,0.08900988343888823,0.4974302013107998,0.2643060357594729,0.0556609737815318,0.22343168783369705,0.030530711079872916,0.00039962170305451127,0.06300251981591781,1.0,0.11108601723544106,0.0636783284943915,0.6996940702417708,0.021280913413736554,0.003054092772415541,0.0038460316245103464,0.7096973880405352,0.42513280691012645,0.03008243839205185,0.08892062449287043,0.0702534937780343,0.32678747006197456,0.06107304343606877,0.12683489748810575,0.08755798087501568,0.06326695356930293,0.017486941069677926,0.03075571441218962,0.06487139747114161,0.045298662207166544,0.03444002350998263,0.5801078772003159,0.5018485429899027,0.6213671278112294,0.2220260620581262,0.2645900607825981,0.14337379116069365,0.15884781134858503,0.1632031119694678,0.06692791888618767
NATR_14_z,0.12131538785796225,0.10030330992497895,0.10477993826220772,0.06650258651573561,0.04658974672839424,0.005982481090666933,0.008114857118864578,0.04481229959821673,0.05505777411187079,0.08667747567091622,0.04948957185289647,0.06279210740475875,0.12226160157491783,0.17880097206688164,0.07603212208641097,0.43331470777957876,0.0003729001193483801,0.003418157021137969,0.41871296244983297,0.07191689978975924,0.060220592044956174,0.175999175066226,0.099993646566335,0.11108601723544106,1.0,0.7019712039905036,0.037243465954516504,0.8597590847256231,0.6710826917781091,0.30070757832522665,0.09927369308063813,0.025570417802497445,0.06017699376801051,0.12641451974719178,0.028564966383384623,0.09085977395186015,0.061913417424931255,0.04143158497191888,0.27908793073504723,0.41820676144294894,0.5461918071751167,0.322207379092609,0.06375003135073198,0.3319844735615281,0.4861932557277356,0.5367488216988482,0.40282906933424556,0.03219357012216357,0.32541603907458083,0.41244655203680153,0.13709386917934197,0.09297662569816048,0.37276291003458134,0.15031759258570979
bb_width_20_sqrt_z,0.03233231748775182,0.021626340881525295,0.013095047459950744,0.007559540861803283,0.045680932513720816,0.06884257623656183,0.08370186772936009,0.10369066253354764,0.10256716113108771,0.11699538862229779,0.027436556644966015,0.13032302791366207,0.13923113426017408,0.1376602262841203,0.004282780051063089,0.5409316735320595,0.032874928392006585,0.08264510775076907,0.3249305027446805,0.08120119788019667,0.1284791613700155,0.09348093117894005,0.07272896514576922,0.0636783284943915,0.7019712039905036,1.0,0.020042564105058246,0.7116029824278073,0.4050006453380073,0.17562274162548835,0.008773915734907406,0.04801224259329853,0.12799007075597194,0.11863469449335656,0.0636031506326912,0.10403331360324286,0.0009433954093428684,0.0820771237625141,0.3257599009618263,0.39082831829992815,0.41544072029360984,0.24237958425073214,0.07248765960544436,0.33473997602564803,0.3947149639432142,0.4680560977302416,0.49070475154946636,0.025836257382640795,0.14652490081550473,0.32748003562514033,0.13955479840573726,0.0002526834540015796,0.2699201493282207,0.09292032518238111
bb_pos_20_norm,0.8184033934012653,0.7731000693405776,0.8575600247656036,0.7091150982157758,0.7461283289879025,0.5746224698120727,0.6615546095403371,0.5002583778300234,0.6162380696135479,0.46679037431350157,0.6953090703244603,0.3865483310224825,0.23080636119713926,0.16123575923298966,0.7924799159713102,0.013180375737248444,0.9148742529928887,0.5637049880214081,0.023780105150628804,0.7218107098905744,0.38131615983169237,0.0021735510574473803,0.4907422293355872,0.6996940702417708,0.037243465954516504,0.020042564105058246,1.0,0.05887778070230556,0.047931086268237166,0.10820144942237547,0.7227324658142842,0.646341144038476,0.3818961204435083,0.38861770014978514,0.3106693996270258,0.047138099453934566,0.03503344816417094,0.09560015703298078,0.12785063014076434,0.11474191856219443,0.05036397012257014,0.033082057891459876,0.019643205667869142,0.04347583889061255,0.034000031403792014,0.6252203116745906,0.6654649338010556,0.8974842026991965,0.47442838088813977,0.5139892305009958,0.609123777985707,0.49557477117319365,0.5095571038697234,0.44574355626656015
volatility_24_sqrt_z,0.02593072546851372,0.01452052383049475,0.017689473956283047,0.0010422208501067749,0.021239529995427466,0.03982225115361026,0.06849062064581408,0.08495982976726914,0.1117572956830517,0.12356867353774771,0.012067567217048925,0.08561291965726635,0.1316956515501616,0.16219326300501646,0.005813588607540396,0.40820860456647806,0.08047237404066865,0.057951383343307294,0.36771486474195075,0.12351978055891695,0.08076395370391921,0.12867393700788418,0.11540421281574272,0.021280913413736554,0.8597590847256231,0.7116029824278073,0.05887778070230556,1.0,0.6294609113417213,0.28080434787196745,0.008240566944438013,0.029214758812170775,0.08063848861843963,0.17620313525447343,0.04261027051887905,0.07186138950093864,0.08517702168054617,0.042435705354694465,0.23864382310839138,0.35688506142211296,0.43678767661898926,0.28085234348704036,0.043190164387466395,0.2642866593258274,0.39395982368075916,0.4908027912572568,0.4965177215658402,0.051054400821348156,0.2532044301177138,0.4109920184176905,0.17750295837439736,0.01606251015637998,0.3534897157266641,0.15990041970931604
volatility_72_sqrt_z,0.01623079029557703,0.006145561472941366,0.015954982373369127,0.006607940682166678,0.007075179290780271,0.0009135237191387076,0.011393867835191031,0.01888393486937892,0.05231567274554175,0.05962316741780257,0.00351886927745636,0.010267951294154096,0.052733939965233845,0.12998740175912174,0.007681482906073385,0.1572829882312855,0.07405820951674202,0.020123532679964837,0.31466652228583314,0.11625109746916643,0.04048245439917865,0.20971534719991725,0.13316461751908337,0.003054092772415541,0.6710826917781091,0.4050006453380073,0.047931086268237166,0.6294609113417213,1.0,0.4193555249857306,0.00043255599458505607,0.016495370531604873,0.04007914425062244,0.11985516590885455,0.02569557519285881,0.03830501930325689,0.04177862182195291,0.08479725436312471,0.04838649217701104,0.15347647511814239,0.29899952472932284,0.19171426511949755,0.0737376773014816,0.011725564204905694,0.21122342406309072,0.3527578635962102,0.27159462022256475,0.023112065290253083,0.43759222602331693,0.4638768828079488,0.14328029369468107,0.15046227021390074,0.3967418080256539,0.20154703798800636
volatility_168_sqrt_z,0.010935716857749234,0.009169599432367642,0.006765742608076722,0.02604755815897692,0.024383684464105465,0.040890915685468404,0.04836305002662707,0.06390767507909179,0.0972810191656825,0.11083291157885009,0.032018052556868404,0.05814669869118712,0.08334086788004422,0.13226211444665528,0.027972441416006043,0.006932188035554291,0.1547219376854259,0.05349804194676471,0.0969541389687278,0.22045235691078607,0.03943994960680219,0.22753377970299898,0.2700472700987666,0.0038460316245103464,0.30070757832522665,0.17562274162548835,0.10820144942237547,0.28080434787196745,0.4193555249857306,1.0,0.007746607805038668,0.04298420665772112,0.03565743936490986,0.15242857993063963,0.05177815157763173,0.025580755149047587,0.044618058958155224,0.07477822162871252,0.06485511903442463,0.06814869154438868,0.12032247485197708,0.08138845781804191,0.058959862914593125,0.0576362005676593,0.05266001286525913,0.14914426028587302,0.13213581706576055,0.07805152482882875,0.1647708043386795,0.13890394713977247,0.15809955679036253,0.17172982645228865,0.3649050182236268,0.31488220296616115
log_ret_6_z,0.8763679451201624,0.7017956503540019,0.7615594267331616,0.5034580523694518,0.5632915589473799,0.333288274220268,0.43464452820650257,0.23239696594077333,0.3446133611202896,0.16318395793047508,0.465071367777316,0.15498735504643404,0.012819251398846395,0.09450691997481707,0.5861879662808075,0.03685707558776884,0.5889438017434231,0.3837213010745172,0.051748550074013556,0.3448520793975993,0.24338744431396603,0.03635104061057369,0.13501383035835465,0.7096973880405352,0.09927369308063813,0.008773915734907406,0.7227324658142842,0.008240566944438013,0.00043255599458505607,0.007746607805038668,1.0,0.4482342879695062,0.24333859100979868,0.15683197542486474,0.02215517402808743,0.08287014943867695,0.06257265815623254,0.11396756560458277,0.10474272038077928,0.08089076733110422,0.0053459796078508025,0.010937862695742094,0.030757198168365977,0.028468228085349205,0.018964955994059163,0.5526673089693813,0.49790700716183794,0.6262704205174011,0.39258584651273615,0.38012959763153875,0.3218524236623843,0.30895198346940694,0.29833086369463707,0.12429188226519344
log_ret_24_z,0.5693346182470839,0.7026120611079181,0.8205898682697758,0.8693607428811183,0.8722519803782596,0.840621916174094,0.7698978182938987,0.7140786450871317,0.6532647830905577,0.5935653116948216,0.9150716694023798,0.705995467673425,0.3529852899168558,0.10974272267259098,0.743032293062878,0.029361567209319907,0.739818237833761,0.8619036688261384,0.08357454630329009,0.5889411558181379,0.5022254820161751,0.06695915632768396,0.2994881331456076,0.42513280691012645,0.025570417802497445,0.04801224259329853,0.646341144038476,0.029214758812170775,0.016495370531604873,0.04298420665772112,0.4482342879695062,1.0,0.5030321065141502,0.3019183930283111,0.8422721031250574,0.1451895302929949,0.1455172675745057,0.11520838030412887,0.17247877671300302,0.13838438861675678,0.0893123437529145,0.04331683078672049,0.08041039208496487,0.10823331630625091,0.09387454875458717,0.5630353776792003,0.5143124146382528,0.6912986709628698,0.604168614646001,0.5527468231434065,0.544440109994384,0.49887144901512653,0.48599026742245405,0.22856674627967896
log_ret_72_z,0.2963959973092068,0.3608645773956851,0.4708562218586155,0.5076764716398264,0.7058522246313289,0.7218627068822824,0.8210403854332533,0.8149405738261737,0.8045911202753546,0.7815307410610622,0.5587089821026705,0.8105725350248335,0.7630277973407512,0.501633870460146,0.3859208915456702,0.05127070502789758,0.5356523030750462,0.5639969216389492,0.01395121168799135,0.5991984495672066,0.9997398316023011,0.09140983355763803,0.40629136079100825,0.03008243839205185,0.06017699376801051,0.12799007075597194,0.3818961204435083,0.08063848861843963,0.04007914425062244,0.03565743936490986,0.24333859100979868,0.5030321065141502,1.0,0.4071686218113684,0.4106824642020349,0.7156117900609029,0.42597650140118387,0.07736830367535782,0.14952679826994328,0.1601992096881834,0.11381126578138132,0.04445055771039191,0.06261038212069044,0.10223568107464402,0.10928535696468271,0.17853095448114095,0.23337898857437783,0.3263444078744254,0.5648452694954675,0.4234827970430174,0.6092753064846228,0.6120387611915059,0.5321332433692251,0.31685241034350187
log_ret_168_z,0.18261967368228374,0.2215949096482044,0.27124137557580313,0.29018785819296106,0.38405591064325434,0.3903362699345599,0.5292891627168552,0.529255330186427,0.665463351108107,0.6578752455715541,0.31486093716551455,0.42984154922158146,0.6322204765604137,0.7145231089115341,0.24648765440624418,0.1425561285812665,0.5182109452651958,0.3037852569416636,0.18127122211625876,0.62221529053654,0.4072741714837737,0.0457546010172702,0.5304744566439463,0.08892062449287043,0.12641451974719178,0.11863469449335656,0.38861770014978514,0.17620313525447343,0.11985516590885455,0.15242857993063963,0.15683197542486474,0.3019183930283111,0.4071686218113684,1.0,0.24317819182899958,0.23753463565861857,0.49599676589174496,0.0443591686851286,0.10616339013710085,0.16943851805516993,0.12764385491161817,0.08589419243194253,0.038963382801330465,0.07511600418050249,0.09553938215827523,0.10045875681413347,0.24014938330446298,0.3465082779225898,0.24317852752184663,0.2198755510024311,0.5327303444857235,0.5860672108795787,0.4935975572655633,0.6027428107643409
ret_accel_6_24_z,0.15728691561806252,0.38367933149005967,0.4767287706802459,0.6701697935167203,0.6358083306043891,0.7393724543592405,0.5962357946910927,0.6589102171251803,0.520205256383526,0.5653308878150183,0.7403086025856379,0.6986781970820336,0.3978037811849209,0.17006927879366412,0.47862243583460756,0.015182100081927347,0.4831393683029256,0.7319323603417949,0.07284554615919508,0.4481421943000849,0.4097883602196721,0.06494312755709977,0.24209859541612821,0.0702534937780343,0.028564966383384623,0.0636031506326912,0.3106693996270258,0.04261027051887905,0.02569557519285881,0.05177815157763173,0.02215517402808743,0.8422721031250574,0.4106824642020349,0.24317819182899958,1.0,0.11842867946126819,0.13070657431821156,0.06699276200435741,0.14061885702492058,0.11591983492441887,0.0925722978558705,0.03867231650430839,0.06688081922279898,0.10291063806579147,0.09266773628443743,0.3095488222602499,0.30178238250719425,0.42155085945827675,0.44521956391348033,0.4131723361338628,0.426855717532196,0.371044173489467,0.3756906091019677,0.1759727255563787
ret_accel_24_72_z,0.11050919287603284,0.12577507917856282,0.08125530575982085,0.06428122570932787,0.1493957103495584,0.19449829814114847,0.34628535253059467,0.3855448427846514,0.42023265192721915,0.44703430133637395,0.03586400633801763,0.38917091617459376,0.622976410991348,0.5169047615851842,0.12127557361808078,0.08103714383862223,0.06960306112508237,0.013956748704281045,0.040993365383744804,0.25707790096650995,0.715768964415218,0.06033833745844422,0.25937294222300333,0.32678747006197456,0.09085977395186015,0.10403331360324286,0.047138099453934566,0.07186138950093864,0.03830501930325689,0.025580755149047587,0.08287014943867695,0.1451895302929949,0.7156117900609029,0.23753463565861857,0.11842867946126819,1.0,0.3817538738933789,0.018237037866967162,0.02840140791592436,0.06066401627292801,0.05415970815582247,0.012335186271664163,0.011070856838098837,0.022409128544291553,0.03776399088510001,0.21577880085461998,0.10971182077801919,0.1257038254877603,0.17462140153900063,0.07685886786893667,0.3018043341557204,0.30529329131425964,0.261198782063165,0.20092405250701023
