,dist_ema_9_z,ema_slope_9_z,dist_ema_21_z,ema_slope_21_z,dist_ema_50_z,ema_slope_50_z,dist_ema_100_z,ema_slope_100_z,dist_ema_200_z,ema_slope_200_z,ema_spread_9_21_z,ema_spread_21_50_z,ema_spread_50_100_z,ema_spread_100_200_z,MOM_pct_14_z,ADX_14_scaled,RSI_14_bounded,MOM_pct_30_z,ADX_30_scaled,RSI_30_bounded,MOM_pct_72_z,ADX_72_scaled,RSI_72_bounded,MACD_hist_pct_z,NATR_14_z,bb_width_20_sqrt_z,bb_pos_20_norm,volatility_24_sqrt_z,volatility_72_sqrt_z,volatility_168_sqrt_z,log_ret_6_z,log_ret_24_z,log_ret_72_z,log_ret_168_z,ret_accel_6_24_z,ret_accel_24_72_z,ret_accel_72_168_z,vol_ratio_24_log1p_z,vol_ratio_72_log1p_z,vol_ratio_168_log1p_z,range_sqrt_z,body_sqrt_z,vol_expansion_24_log1p_z,vol_expansion_72_log1p_z,vol_expansion_168_log1p_z,dist_to_high_24_sqrt_z,dist_to_low_24_sqrt_z,price_pos_in_range_24_norm,dist_to_high_72_sqrt_z,dist_to_low_72_sqrt_z,price_pos_in_range_72_norm,dist_to_high_168_sqrt_z,dist_to_low_168_sqrt_z,price_pos_in_range_168_norm
dist_ema_9_z,1.0,0.709381640182641,0.8954183122395573,0.5689081725191416,0.680936533046208,0.402785618739344,0.5248519634564753,0.28727154318402137,0.41294384612043317,0.20248414652695404,0.5573128077962349,0.21969512229064347,0.026040488334801715,0.07910985222392947,0.7061506067813208,0.0043447247543659945,0.6938641475172812,0.48404174876430656,0.08135706024435724,0.41035498276655474,0.2747915921306734,0.06570622912527525,0.14565711534572215,0.7284238485011194,0.1139250023457019,0.027670086704942202,0.8256554490221898,0.030969876021599715,0.02612262215835716,0.008641496367308018,0.8721453228803852,0.5506822299586737,0.27491846833290073,0.1910010261713351,0.1316638465767824,0.1365087788064819,0.06776288663514725,0.027040670158621244,0.03203175398627453,0.024359739962486946,0.051818006768158516,0.02508719978364799,0.03506208967273993,0.04844544112581909,0.037103499719363976,0.6723077924666921,0.5536666018776928,0.7094830519202201,0.45286331943975267,0.42878943551696413,0.35662131808408665,0.39736120307140255,0.3113951588495517,0.12102063517174441
ema_slope_9_z,0.709381640182641,1.0,0.8579251265638624,0.8989653886378468,0.7485972375316344,0.6848037259070394,0.6027890914319658,0.522817179603916,0.4823821975338465,0.404839716281594,0.8206764279838361,0.4047836408550144,0.12367227975857795,0.025023937223171797,0.8410364622221366,0.025964821941599187,0.7015420410720299,0.6002109082232732,0.0802368040232042,0.4603387591948857,0.33365616793435526,0.07254849297017514,0.18013377446945783,0.835648725592814,0.09688285274995989,0.024499375948382616,0.7788022563254675,0.01584657773705399,0.02012817193236691,0.0106706695974693,0.698622199629149,0.6818459026703986,0.3338510077966636,0.22894049481805206,0.3561299877231463,0.15671517121732537,0.08322253257060899,0.027225977898745993,0.01565583167727983,0.027455555688200725,0.006919475493229332,0.004355127901235316,0.02588600666062954,0.00671237892227111,0.020708166369176752,0.6543152421120928,0.5386969739447035,0.7002760556702341,0.48394117221107474,0.4597451472013758,0.39144832422902903,0.43091328591867634,0.34389137955753996,0.13821353931715422
dist_ema_21_z,0.8954183122395573,0.8579251265638624,1.0,0.8484924512656854,0.9003409325229166,0.7197282638479993,0.747247404983373,0.5776321020772437,0.6098106996616434,0.4547013762449766,0.8510442035315805,0.516857064283665,0.21510295154557177,0.031135068828057624,0.8612154460809122,0.06336223589035397,0.8258415830047878,0.7472876357341548,0.06831611893215583,0.5645626952771207,0.4476640273973435,0.07902026410513849,0.23384117930469914,0.6971253729441114,0.1113726767664093,0.028294017248216632,0.8666631168422193,0.02960453611825607,0.02441239269130068,0.013791776490584875,0.7599285077790958,0.803897223734123,0.4479753879538862,0.29396944845290357,0.4519992769493582,0.1170100605189715,0.11464704129178092,0.001599831024259755,0.009292416066093599,0.0005865922285895889,0.024954461309763316,0.018138287841059947,0.00037671412961398247,0.024298623912684055,0.009383026242127326,0.7385837775163603,0.5943133143195107,0.7933707375155062,0.6063537823196667,0.5582462627281833,0.4997287286739969,0.5400921094092904,0.42464296637271237,0.17927464388768186
ema_slope_21_z,0.5689081725191416,0.8989653886378468,0.8484924512656854,1.0,0.8826467774273303,0.9017365286636186,0.7683229092861955,0.7473457517068405,0.6374436455079695,0.6068964305600046,0.9807338389129447,0.6790255015993671,0.3247117929703327,0.10729292947086709,0.8444271786915328,0.09467937323470028,0.7475314469815132,0.8141654825075151,0.04783714167354243,0.5659540941107213,0.4879771660596254,0.07509771763884744,0.25102717917971945,0.5933342244150988,0.07981973018847571,0.019318132213353573,0.7125033653605244,0.013279113619166873,0.015939338770455922,0.03350734297856655,0.49313389897823584,0.8590847669968319,0.4883543750095846,0.3129375732658359,0.6559916400055981,0.09717911086651063,0.1280450304902163,0.0388982205223254,0.02535961151866917,0.03717209828130266,0.019677594849488212,0.0038849927726685874,0.04270887935576594,0.016876513253495613,0.032773356098870735,0.6335188784264233,0.5069952592929483,0.6921442288437942,0.6012573756531447,0.5460066757942237,0.5027660424148241,0.5380328567721696,0.42505929233231615,0.18323494610972418
dist_ema_50_z,0.680936533046208,0.7485972375316344,0.9003409325229166,0.8826467774273303,1.0,0.9213625488679928,0.9420351767347827,0.8456667327952611,0.8228914212193484,0.7258602417957394,0.9260329474225341,0.8162924336564815,0.5234715760539873,0.27177192844146203,0.7660623402097086,0.1270141080727372,0.831417427299722,0.8743817511372997,0.018482135482334842,0.6862447196807444,0.6903859858843641,0.08014484251965664,0.3355906605663948,0.4165116515852207,0.08231303111398346,0.012699537025007566,0.7453749236105275,0.02825155934741945,0.020310410225818545,0.05201716725432248,0.5589690222383188,0.8633134667690967,0.6908422828772678,0.4325780902534596,0.6185469727671724,0.1187659147288807,0.16887754371336192,0.018496875797349564,0.013706126509729548,0.017978034285366373,0.002457329582349076,0.010987969735646981,0.021603607487888834,0.0019204724480269874,0.008541918224157438,0.627726651200284,0.49070862252546105,0.7106290892748502,0.7274011041880962,0.6197961891825049,0.6506701539366725,0.6850338845200924,0.5383785044175159,0.2669496247895881
ema_slope_50_z,0.402785618739344,0.6848037259070394,0.7197282638479993,0.9017365286636186,0.9213625488679928,1.0,0.9141777274308931,0.9417800213175844,0.8149441487482922,0.8212988662319619,0.9381757042960034,0.9199275727173755,0.6184869752939905,0.347661446935996,0.6731986309423235,0.14564236034110506,0.7168083081702693,0.8676148645748619,0.008395436877627218,0.6541256240374088,0.7108069329375442,0.06861189922682848,0.33947415981576284,0.267621069643554,0.047354503133921685,0.0019865654920627625,0.5680381313750342,0.011629369823930967,0.014398621868066393,0.06935285184248732,0.320991741377555,0.8348957156342466,0.7113636190156606,0.436407723347305,0.729531556337436,0.17041064055810676,0.1759670312723429,0.04099646320893088,0.03863620599716694,0.0428381751810209,0.028728770282232842,0.0006558491729531357,0.04815863387306158,0.027815396846808386,0.03689402306683078,0.48697943680749606,0.3798189203575193,0.5731939745333461,0.6902426775724603,0.5761200897166757,0.6302002983463153,0.6575269756897942,0.5185440006361378,0.2639741919012575
dist_ema_100_z,0.5248519634564753,0.6027890914319658,0.747247404983373,0.7683229092861955,0.9420351767347827,0.9141777274308931,1.0,0.9467265197944905,0.9530710657145297,0.8893701566226042,0.8243159932571321,0.9029000638885281,0.748115013237889,0.5064846385021843,0.6231899692218233,0.1272454726612925,0.7955679586379095,0.8030005966663673,0.022948236397086423,0.7567767585228067,0.8090060405024292,0.07439075356414455,0.43136083964325195,0.23783720916842485,0.0451170412568667,0.005510556819020601,0.6482217836068759,0.006177306180532547,0.00657472535978021,0.08959185787771513,0.4267560419479326,0.7616004134654962,0.8097160768808018,0.5808403252039052,0.5800123442878945,0.32347658580025995,0.10655523460791401,0.01328216300554789,0.020753365538854915,0.018494738787282288,0.010360881847090556,0.0042898215407038125,0.02166966075638328,0.009122042415661944,0.012422601280344099,0.48921630402866,0.39301333575374836,0.6215419508730623,0.7085876820954053,0.5794226151967895,0.7308935796071133,0.772743232685754,0.6131501882171455,0.39085527409347753
ema_slope_100_z,0.28727154318402137,0.522817179603916,0.5776321020772437,0.7473457517068405,0.8456667327952611,0.9417800213175844,0.9467265197944905,1.0,0.9241308862209936,0.9520228331060013,0.7975101824645082,0.9631939837226585,0.8235027933863549,0.5711377006871321,0.5216660391308698,0.13724143550965598,0.6791478469026101,0.7654461196835787,0.047380375190054336,0.7115025238029642,0.8085761422551861,0.061335865348474516,0.4284471764992633,0.101673481975252,0.012665120904285712,0.017825967118617923,0.48357828440002987,0.009459215508891942,0.0004858235119956187,0.10381698186193813,0.22142053935287423,0.7077665433634831,0.8093858836112329,0.5769381647390563,0.6459138541480431,0.36995726419003505,0.10303104033586899,0.030673454671020266,0.04071783317784518,0.03806078573043934,0.03632428142893223,0.005981301065341269,0.04247042741557044,0.03388899994778423,0.035386364998154764,0.355050249878125,0.28746429620498176,0.48864352784735904,0.6531255579069073,0.5233473339470385,0.6961211099465255,0.7333388707535039,0.5831918757372994,0.38555218061646795
dist_ema_200_z,0.41294384612043317,0.4823821975338465,0.6098106996616434,0.6374436455079695,0.8228914212193484,0.8149441487482922,0.9530710657145297,0.9241308862209936,1.0,0.9578567698589338,0.6922665608484448,0.8511196733030816,0.855643988057414,0.6943719272944298,0.505841939351115,0.11624663053356195,0.7727786309562281,0.6850375959577598,0.06528204599883931,0.8170011219828306,0.7928518787363114,0.04445448679388902,0.5467454059446528,0.15073267705036061,0.015157595147577,0.020525995596247768,0.5946399435735149,0.018120346182278164,0.017677782627217115,0.1277159009461929,0.3363590261828056,0.6391986774206837,0.7936660857965442,0.7117783152932048,0.4931194189816044,0.4022231202086333,0.03860525948111375,0.0006090292851714139,0.010925358383895975,0.005580082700506884,0.014354854739177239,0.0027851178391928954,0.012529996427251885,0.0057077475129181585,0.005130409761969285,0.383022681652324,0.33307880118684896,0.5684613287560794,0.6137465877082363,0.5042520629859658,0.7666113682597996,0.7908314918242779,0.6456476145433326,0.5425323624910259
ema_slope_200_z,0.20248414652695404,0.404839716281594,0.4547013762449766,0.6068964305600046,0.7258602417957394,0.8212988662319619,0.8893701566226042,0.9520228331060013,0.9578567698589338,1.0,0.6557119778314446,0.8849160963197316,0.9127996986090786,0.7486760263328344,0.4087558736944361,0.12449272685411833,0.6604357948418536,0.639257908743984,0.08731133574925842,0.7656262599377247,0.7770223277125717,0.03215423686621905,0.5390795359807801,0.030148398120987054,0.011805394017310712,0.02858797234446104,0.44309004995976975,0.029319499937231763,0.02374762618260962,0.13816140119271567,0.15421868180243006,0.5814175502158502,0.7778873662339364,0.7032144200235282,0.5401888270551986,0.4350111461489646,0.046927605599289025,0.016688211568947058,0.02755980753789576,0.02202857525449536,0.03620266311316416,0.0067964186242432485,0.03067466292197888,0.02619357587375531,0.02432748825723632,0.26272738137324325,0.23521898628806054,0.4459084820230433,0.5534113338860638,0.44492117339397785,0.7246163991941847,0.7455989082830007,0.608761400724769,0.5356965663592368
ema_spread_9_21_z,0.5573128077962349,0.8206764279838361,0.8510442035315805,0.9807338389129447,0.9260329474225341,0.9381757042960034,0.8243159932571321,0.7975101824645082,0.6922665608484448,0.6557119778314446,1.0,0.7584107314588533,0.3921063030223772,0.15598019710403022,0.8229158611746812,0.11071163788286069,0.7676106347644455,0.8806724208931508,0.03599679958495361,0.605631009185876,0.543051326023977,0.07210976157299102,0.28117337784779955,0.497067385888116,0.06851615179681228,0.00735913496717378,0.6966540418151402,0.007804801368434199,0.01122934731841743,0.04427452153031321,0.4530621463755586,0.9080347262500713,0.5435499743481832,0.3441455391679218,0.7292375054708214,0.06764084717640496,0.13874471451141382,0.03846359080149561,0.0280149878173022,0.03960631557080623,0.022399785756943597,0.0023645413227114296,0.04299891717961097,0.01854439306140759,0.0349234645456655,0.6198078067211834,0.4997086411442404,0.6884030287191916,0.6407520106108388,0.5778975467831238,0.5454039586188311,0.5759679702831322,0.4575210621434192,0.20424513434387312
ema_spread_21_50_z,0.21969512229064347,0.4047836408550144,0.516857064283665,0.6790255015993671,0.8162924336564815,0.9199275727173755,0.9029000638885281,0.9631939837226585,0.8511196733030816,0.8849160963197316,0.7584107314588533,1.0,0.7992992427665364,0.5124844565754553,0.4346856665339721,0.15716014518426893,0.5950319730480272,0.7913209996641843,0.054896298510005694,0.6427754664652099,0.8115045327388654,0.04750441480284232,0.37983362868129855,0.04270202192693127,0.0037898392327322867,0.023048113982200066,0.3710853245904588,0.002992182713821445,0.00964516785016139,0.09667241239695525,0.13970481070589158,0.6980246509502848,0.812248242903442,0.4818636065659435,0.6880587245796926,0.3785420844821753,0.18878763104174057,0.03620574082121182,0.04738135043297361,0.0473221101242638,0.038178113028275625,0.007262225320474806,0.04427495302662658,0.03635134444872597,0.03986277857190299,0.29169849775733653,0.22494274739177342,0.39310740941387823,0.6634079332528441,0.5275550372847385,0.6539502826084533,0.6690399181183577,0.5302133935217617,0.3023137772561802
ema_spread_50_100_z,0.026040488334801715,0.12367227975857795,0.21510295154557177,0.3247117929703327,0.5234715760539873,0.6184869752939905,0.748115013237889,0.8235027933863549,0.855643988057414,0.9127996986090786,0.3921063030223772,0.7992992427665364,1.0,0.8237270420838606,0.14823721702222598,0.09012522633896317,0.45702467450752465,0.4471911279219969,0.12469878450081977,0.640642323941672,0.7762697537189037,0.006241385658600915,0.5012248182783723,0.22029029145726392,0.04933112245280351,0.051236494495022,0.2240705384394417,0.034033587972211475,0.020043927190938945,0.12886773067357984,0.003710247775725241,0.35102544855910245,0.7771659271627321,0.6783823518179406,0.37835987184220204,0.6160838857297894,0.0408175340019739,0.020715107676699467,0.04015785484327251,0.035309411041724144,0.04576407427655632,0.020100964656251635,0.028810055701810288,0.036820897197756705,0.030998855880711683,0.05617510968726167,0.08198380806480232,0.23666206409013782,0.43381732208395396,0.31342860755695323,0.6280648970434956,0.6749042613142197,0.5252165264832632,0.5021145861095573
ema_spread_100_200_z,0.07910985222392947,0.025023937223171797,0.031135068828057624,0.10729292947086709,0.27177192844146203,0.347661446935996,0.5064846385021843,0.5711377006871321,0.6943719272944298,0.7486760263328344,0.15598019710403022,0.5124844565754553,0.8237270420838606,1.0,0.003951501397867392,0.06148282458622648,0.3886160745994463,0.20972551274766638,0.16632516155255211,0.6286637551691313,0.5156580440839488,0.046259725857018506,0.6101981952175365,0.23245549869309892,0.05137834222938426,0.04708712350766545,0.16953592527994182,0.0311831300178245,0.038854831508923694,0.14781168666431274,0.07364982503435577,0.1394847393987341,0.5165828566547327,0.7365726893469059,0.17923509275687532,0.4786051605779474,0.32638874214951624,0.005670891285868172,0.015299330252519413,0.007979296813171841,0.034613943216311054,0.013886347874080504,0.015394366921167048,0.019046603054554138,0.012544852273821815,0.04340957424154728,0.006412291813019616,0.1639153742565903,0.22503764471918236,0.14640206505463393,0.5621939463141788,0.5328531530831334,0.4109439736305165,0.6485047412764191
MOM_pct_14_z,0.7061506067813208,0.8410364622221366,0.8612154460809122,0.8444271786915328,0.7660623402097086,0.6731986309423235,0.6231899692218233,0.5216660391308698,0.505841939351115,0.4087558736944361,0.8229158611746812,0.4346856665339721,0.14823721702222598,0.003951501397867392,1.0,0.02103275377922776,0.7163733535026738,0.630019392698665,0.07388195407444455,0.482734718429251,0.3479517336852496,0.0624916973134073,0.20143505262337724,0.7413093691595565,0.0867855379760695,0.01412557548603805,0.7915208308139451,0.005347721464993115,0.013912297125446187,0.01838674219861196,0.5635392367725844,0.7042613266284703,0.34830817105867123,0.24708520712108653,0.44401231156907833,0.157690581438548,0.07418003741552386,0.0040124675229513745,0.002577452233753851,0.010624712101656384,0.0033764370355741373,0.0007773186694488652,0.0168843752161637,0.0005228125397089756,0.016341770463342935,0.6516101868554759,0.5507648811642507,0.7105276848782774,0.48792074321911516,0.47145492282851764,0.4061386713071175,0.4455613895530545,0.36127874194630866,0.15564875591167734
ADX_14_scaled,0.0043447247543659945,0.025964821941599187,0.06336223589035397,0.09467937323470028,0.1270141080727372,0.14564236034110506,0.1272454726612925,0.13724143550965598,0.11624663053356195,0.12449272685411833,0.11071163788286069,0.15716014518426893,0.09012522633896317,0.06148282458622648,0.02103275377922776,1.0,0.10508112348548883,0.1269623836460221,0.6303765966276395,0.1564639537870243,0.1127067517181288,0.20018104717179697,0.15450742457553707,0.07362181187714745,0.47319883335605145,0.5164126846650484,0.015125092179079359,0.41107795135612607,0.23613026658140304,0.08485478724453213,0.006427760165188291,0.09009172369418958,0.11363789338224642,0.00030878824112228094,0.11118709603241288,0.003330017111977146,0.07395151754417709,0.0007142977351167261,0.15863372771074286,0.22624090006715775,0.28335873641831905,0.15270293132615625,0.03720790068450606,0.22133608365082097,0.2770997233381065,0.29541608515011325,0.3422918831412121,0.014013978982787782,0.28415217560963757,0.2095144036821798,0.08909117060343026,0.18547828941088745,0.07659918756637657,0.11084004252898828
RSI_14_bounded,0.6938641475172812,0.7015420410720299,0.8258415830047878,0.7475314469815132,0.831417427299722,0.7168083081702693,0.7955679586379095,0.6791478469026101,0.7727786309562281,0.6604357948418536,0.7676106347644455,0.5950319730480272,0.45702467450752465,0.3886160745994463,0.7163733535026738,0.10508112348548883,1.0,0.707023003401402,0.04629583368342083,0.9036168144328051,0.5010250392921757,0.04862028346662747,0.6606900485362937,0.5047340790270904,0.048383194420028246,0.002374909016803603,0.910630521001277,0.035256786890056915,0.027709086461286083,0.12244293202117096,0.5901149784629562,0.7338630232470579,0.5025899514263324,0.5406055962767073,0.4646341171901275,0.01876326964454439,0.12059508146330195,0.0320329885559435,0.02686199926477509,0.018548402708103907,0.014181274710923683,0.018365501119135555,0.022906662589099694,0.03357194445910687,0.022688597757241965,0.6130119216416223,0.5654833343647792,0.8615763000216662,0.5496273174198981,0.5447303522673406,0.766901569135342,0.6207933769785946,0.593190387045274,0.5843708893070538
MOM_pct_30_z,0.48404174876430656,0.6002109082232732,0.7472876357341548,0.8141654825075151,0.8743817511372997,0.8676148645748619,0.8030005966663673,0.7654461196835787,0.6850375959577598,0.639257908743984,0.8806724208931508,0.7913209996641843,0.4471911279219969,0.20972551274766638,0.630019392698665,0.1269623836460221,0.707023003401402,1.0,0.02780823155281863,0.5998261949987663,0.5548735376776748,0.0690253222050051,0.3049256363561515,0.25314267884420666,0.03652950301329721,0.008534996094292802,0.5615381898978417,0.008723775507716266,0.00275927408970925,0.06583752952844062,0.3732194278853135,0.8642488168015598,0.5554930919364154,0.3421147266119367,0.7289407827719702,0.02151824374559509,0.13392107900902175,0.027718088263785856,0.02298531410421694,0.03524135027306136,0.018918138016364626,0.008871002284945945,0.02414613524245895,0.008573262250447806,0.025862012037395448,0.4945512751742885,0.395585347518968,0.565691639843783,0.6128931959756552,0.5669651285217999,0.5452659223975975,0.5487814098139018,0.45468684587721003,0.2186283163727942
ADX_30_scaled,0.08135706024435724,0.0802368040232042,0.06831611893215583,0.04783714167354243,0.018482135482334842,0.008395436877627218,0.022948236397086423,0.047380375190054336,0.06528204599883931,0.08731133574925842,0.03599679958495361,0.054896298510005694,0.12469878450081977,0.16632516155255211,0.07388195407444455,0.6303765966276395,0.04629583368342083,0.02780823155281863,1.0,0.15480919958016517,0.06392324547016771,0.651683346135531,0.251805391889519,0.10154158839237475,0.3574656809973968,0.22242585252175073,0.023588609780722528,0.27371895054355555,0.32556343467893206,0.22479526410987352,0.07300747046784879,0.04438380026225537,0.06580945900932361,0.004522247407545764,0.009315174052282217,0.05978233115990798,0.016352731155407804,0.08193614876293034,0.06310630781899468,0.03036724838821207,0.1537494112123674,0.06376470641718608,0.04979830151746488,0.008671444265867448,0.10190471331938906,0.09178572417061881,0.23554379601552206,0.030715739632996085,0.23843657864000195,0.31778689452001574,0.07347361876355143,0.22245632952676503,0.22707302445254351,0.159139932880107
RSI_30_bounded,0.41035498276655474,0.4603387591948857,0.5645626952771207,0.5659540941107213,0.6862447196807444,0.6541256240374088,0.7567767585228067,0.7115025238029642,0.8170011219828306,0.7656262599377247,0.605631009185876,0.6427754664652099,0.640642323941672,0.6286637551691313,0.482734718429251,0.1564639537870243,0.9036168144328051,0.5998261949987663,0.15480919958016517,1.0,0.5717188330805074,0.13590780195340518,0.8798107576071019,0.22775915978628467,0.011339749828965646,0.008924450375291153,0.7038108215647982,0.047179504246073964,0.040277623827203346,0.18990588110552495,0.34644242018479876,0.5781961071692654,0.5736470448889996,0.649307349254803,0.420166523202846,0.21749751252984925,0.20400190137011345,0.02927851786142455,0.02262015694849744,0.026899536913353048,0.001167883408957426,0.01495662382485593,0.013015924124353198,0.022153535126637057,0.023125496144422924,0.39353126053746557,0.38396168532013003,0.6796544948464792,0.49682745718630456,0.4579586230351425,0.8666034642568904,0.6211214898949559,0.6314020140199827,0.7865004850479983
MOM_pct_72_z,0.2747915921306734,0.33365616793435526,0.4476640273973435,0.4879771660596254,0.6903859858843641,0.7108069329375442,0.8090060405024292,0.8085761422551861,0.7928518787363114,0.7770223277125717,0.543051326023977,0.8115045327388654,0.7762697537189037,0.5156580440839488,0.3479517336852496,0.1127067517181288,0.5010250392921757,0.5548735376776748,0.06392324547016771,0.5717188330805074,1.0,0.024603149932585867,0.3735176801884294,0.010620807757015866,0.0224447435847632,0.0012370108389442452,0.34252874110263654,0.031389919822024534,0.032480769074772764,0.10055657956157439,0.22331651599369104,0.4830343424337242,0.9998847922608303,0.4509166627221812,0.3945183431913909,0.7038825264131955,0.3286400982590534,0.011149527970434815,0.024355729619306002,0.015873371986222365,0.018982312107119714,0.003225737288434137,0.0278476938099978,0.020497467008197115,0.014804927317459604,0.24910583784626322,0.17644137822284403,0.32178833537655654,0.6200440959272165,0.4360003114296292,0.6213143598109981,0.6177571010014056,0.4800555602170006,0.311312838743622
ADX_72_scaled,0.06570622912527525,0.07254849297017514,0.07902026410513849,0.07509771763884744,0.08014484251965664,0.06861189922682848,0.07439075356414455,0.061335865348474516,0.04445448679388902,0.03215423686621905,0.07210976157299102,0.04750441480284232,0.006241385658600915,0.046259725857018506,0.0624916973134073,0.20018104717179697,0.04862028346662747,0.0690253222050051,0.651683346135531,0.13590780195340518,0.024603149932585867,1.0,0.2818440684275628,0.047036638407031414,0.049321747323473344,0.011829323447555577,0.008007829264914772,0.019619202469263644,0.07473720544738903,0.17042599710557357,0.05072735621510161,0.06115568845457704,0.02287450130510608,0.11336521095862387,0.041017783494465325,0.0009513189482237364,0.012965312369578428,0.025094632484391092,0.05976548718897091,0.08702926391357578,0.009514470545144078,0.009053827034814723,0.012600736849163213,0.027724502955803466,0.03828170658093484,0.059646037639966995,0.025461304444903188,0.019415064096343186,0.016380006351324465,0.09290139513245392,0.09379766071649678,0.013559782945045791,0.11933246332205397,0.1364827969799763
RSI_72_bounded,0.14565711534572215,0.18013377446945783,0.23384117930469914,0.25102717917971945,0.3355906605663948,0.33947415981576284,0.43136083964325195,0.4284471764992633,0.5467454059446528,0.5390795359807801,0.28117337784779955,0.37983362868129855,0.5012248182783723,0.6101981952175365,0.20143505262337724,0.15450742457553707,0.6606900485362937,0.3049256363561515,0.251805391889519,0.8798107576071019,0.3735176801884294,0.2818440684275628,1.0,0.061878052211654225,0.017915712083849126,0.006982211672775142,0.4513535713607079,0.051015318344927334,0.03725930782650523,0.21847543653781748,0.13002020248823484,0.2800970544051031,0.37586743425775615,0.5334548792307364,0.21020769734835607,0.2125396851426413,0.3112945877291915,0.02421788882615186,0.018850258259318384,0.039419314169263295,0.007127371417764697,0.007277283374131855,0.011734507956491455,0.015980504807490272,0.03251943324692471,0.15326023038537448,0.18587619776480957,0.43707802145422997,0.2614463253233674,0.22142051751702949,0.7229776225697053,0.36338860434405335,0.46220975113972773,0.8654288977981396
MACD_hist_pct_z,0.7284238485011194,0.835648725592814,0.6971253729441114,0.5933342244150988,0.4165116515852207,0.267621069643554,0.23783720916842485,0.101673481975252,0.15073267705036061,0.030148398120987054,0.497067385888116,0.04270202192693127,0.22029029145726392,0.23245549869309892,0.7413093691595565,0.07362181187714745,0.5047340790270904,0.25314267884420666,0.10154158839237475,0.22775915978628467,0.010620807757015866,0.047036638407031414,0.061878052211654225,1.0,0.09802629702269827,0.03113383839346844,0.7125306300426351,0.006178526154630444,0.026956586973399855,0.023828761583366196,0.7090453663709612,0.40592881226394995,0.010510069978790408,0.05832690564950136,0.04740392756498202,0.3556427102665075,0.04888157817810948,0.005357837613053733,0.006531902959007384,0.0021812112154869644,0.008375057433943043,0.0028538746004962254,0.005747441024189025,0.006100654370622709,0.003374725998864475,0.5751197001345253,0.49699510200682445,0.5962500842307352,0.198697849346097,0.23428936767293967,0.12614877423974188,0.1686104983713475,0.14511278689398732,0.04937469068091304
NATR_14_z,0.1139250023457019,0.09688285274995989,0.1113726767664093,0.07981973018847571,0.08231303111398346,0.047354503133921685,0.0451170412568667,0.012665120904285712,0.015157595147577,0.011805394017310712,0.06851615179681228,0.0037898392327322867,0.04933112245280351,0.05137834222938426,0.0867855379760695,0.47319883335605145,0.048383194420028246,0.03652950301329721,0.3574656809973968,0.011339749828965646,0.0224447435847632,0.049321747323473344,0.017915712083849126,0.09802629702269827,1.0,0.7035391889437482,0.060691278637114925,0.8521740386099517,0.6986049925037663,0.3856687510653759,0.0925175901012824,0.04464537059840072,0.023395841010558936,0.0694533359227736,0.0026502234364191015,0.05339084994798044,0.10580836045593574,0.012945009432203388,0.20153563005036207,0.3844753458935638,0.5406249848224357,0.3018644907294915,0.0689692265733808,0.31402070312531283,0.483237772928455,0.5263327768164431,0.4332560831353664,0.04003751422304019,0.3604865414143713,0.38237198941812867,0.0859700051100378,0.15003361288051634,0.28065748770353544,0.0587665104644933
bb_width_20_sqrt_z,0.027670086704942202,0.024499375948382616,0.028294017248216632,0.019318132213353573,0.012699537025007566,0.0019865654920627625,0.005510556819020601,0.017825967118617923,0.020525995596247768,0.02858797234446104,0.00735913496717378,0.023048113982200066,0.051236494495022,0.04708712350766545,0.01412557548603805,0.5164126846650484,0.002374909016803603,0.008534996094292802,0.22242585252175073,0.008924450375291153,0.0012370108389442452,0.011829323447555577,0.006982211672775142,0.03113383839346844,0.7035391889437482,1.0,0.01767632649287483,0.6781098249922265,0.445654595168971,0.2483874304007995,0.010571286251642309,0.001345356113774753,0.0012237677138046508,0.08230501701094167,0.0019404664879732636,0.046828671536152146,0.08611548000157093,0.03145692208677234,0.22213896334283606,0.31923078925473103,0.39243171534242605,0.21868653015843148,0.06563198162672723,0.28182354761894124,0.3640430945536149,0.42588090397596046,0.473353808152009,0.02056711927687154,0.19050017008387496,0.2892942523034475,0.07689119276411968,0.05839209013541798,0.19728765651659214,0.04316295938306143
bb_pos_20_norm,0.8256554490221898,0.7788022563254675,0.8666631168422193,0.7125033653605244,0.7453749236105275,0.5680381313750342,0.6482217836068759,0.48357828440002987,0.5946399435735149,0.44309004995976975,0.6966540418151402,0.3710853245904588,0.2240705384394417,0.16953592527994182,0.7915208308139451,0.015125092179079359,0.910630521001277,0.5615381898978417,0.023588609780722528,0.7038108215647982,0.34252874110263654,0.008007829264914772,0.4513535713607079,0.7125306300426351,0.060691278637114925,0.01767632649287483,1.0,0.030290775176163246,0.010775701673725884,0.06178015222575792,0.7213376521279079,0.6373765227824219,0.3435340081116547,0.39729542636333653,0.2905671148787099,0.09465380973138648,0.1024892592985784,0.03794587587590616,0.02722123226145073,0.012564495765806443,0.022411049656793674,0.017137120289399253,0.03372848243308481,0.03472595503381975,0.02040670267771507,0.6744269690943739,0.6405700441658679,0.8890356360793109,0.45935763169054655,0.4837016218349204,0.5740473453251682,0.5105241299266768,0.4737774981399664,0.40094853593337065
volatility_24_sqrt_z,0.030969876021599715,0.01584657773705399,0.02960453611825607,0.013279113619166873,0.02825155934741945,0.011629369823930967,0.006177306180532547,0.009459215508891942,0.018120346182278164,0.029319499937231763,0.007804801368434199,0.002992182713821445,0.034033587972211475,0.0311831300178245,0.005347721464993115,0.41107795135612607,0.035256786890056915,0.008723775507716266,0.27371895054355555,0.047179504246073964,0.031389919822024534,0.019619202469263644,0.051015318344927334,0.006178526154630444,0.8521740386099517,0.6781098249922265,0.030290775176163246,1.0,0.654834038660695,0.318619718620315,0.01866978425335317,0.014254914425550257,0.03156594684889802,0.10428149658989574,0.03483694111294909,0.0020352397858086767,0.13312140648579524,0.09454097235019343,0.13517472754600146,0.29763450394876434,0.4126716502278617,0.25061350549693273,0.05422202838250006,0.22962014431580782,0.37506404119934406,0.4449144856564042,0.5178820652769653,0.05205152247860599,0.28141279204769093,0.38221585355649096,0.11276097021673306,0.0739832990071209,0.27391650082810887,0.09579924582283011
volatility_72_sqrt_z,0.02612262215835716,0.02012817193236691,0.02441239269130068,0.015939338770455922,0.020310410225818545,0.014398621868066393,0.00657472535978021,0.0004858235119956187,0.017677782627217115,0.02374762618260962,0.01122934731841743,0.00964516785016139,0.020043927190938945,0.038854831508923694,0.013912297125446187,0.23613026658140304,0.027709086461286083,0.00275927408970925,0.32556343467893206,0.040277623827203346,0.032480769074772764,0.07473720544738903,0.03725930782650523,0.026956586973399855,0.6986049925037663,0.445654595168971,0.010775701673725884,0.654834038660695,1.0,0.4821033401268338,0.012438061528635918,0.0037023510292625845,0.03371911985968566,0.09179563728783777,0.01196119578917133,0.002151076693596779,0.14375794793390484,0.11407573030126382,0.10892647063760959,0.10965508887407267,0.3010248321767581,0.1642758461490656,0.07755877543446912,0.01553546757563697,0.2161986935603182,0.32882773818288424,0.33427434118490956,0.03666522928328263,0.40348632395843587,0.46761682350840517,0.14087238756545695,0.1475994858737646,0.4013456247371722,0.12240130607556923
volatility_168_sqrt_z,0.008641496367308018,0.0106706695974693,0.013791776490584875,0.03350734297856655,0.05201716725432248,0.06935285184248732,0.08959185787771513,0.10381698186193813,0.1277159009461929,0.13816140119271567,0.04427452153031321,0.09667241239695525,0.12886773067357984,0.14781168666431274,0.01838674219861196,0.08485478724453213,0.12244293202117096,0.06583752952844062,0.22479526410987352,0.18990588110552495,0.10055657956157439,0.17042599710557357,0.21847543653781748,0.023828761583366196,0.3856687510653759,0.2483874304007995,0.06178015222575792,0.318619718620315,0.4821033401268338,1.0,0.004272496869724036,0.04842983879308081,0.09820611916889256,0.18347320384686217,0.04773148932581134,0.10190856369462821,0.11260843423905226,0.0667750996331798,0.09674578453746577,0.08385228122934918,0.16101508024598774,0.07375399004366764,0.03565309568891144,0.02746763400483595,0.008356982779354545,0.17225929373794027,0.16978080716258354,0.07384578669714395,0.18076057724810435,0.22306489391318318,0.2035364349487432,0.14302277557356005,0.5010737944573006,0.2756787183899345
log_ret_6_z,0.8721453228803852,0.698622199629149,0.7599285077790958,0.49313389897823584,0.5589690222383188,0.320991741377555,0.4267560419479326,0.22142053935287423,0.3363590261828056,0.15421868180243006,0.4530621463755586,0.13970481070589158,0.003710247775725241,0.07364982503435577,0.5635392367725844,0.006427760165188291,0.5901149784629562,0.3732194278853135,0.07300747046784879,0.34644242018479876,0.22331651599369104,0.05072735621510161,0.13002020248823484,0.7090453663709612,0.0925175901012824,0.010571286251642309,0.7213376521279079,0.01866978425335317,0.012438061528635918,0.004272496869724036,1.0,0.43297311516554415,0.22334639914529916,0.16577850571078379,0.04769167964351029,0.10558606207226158,0.03948859393158439,0.00017431200683218115,0.0046987993856735695,0.003049490640444045,0.03502030803523144,0.02774090651500018,0.02544450815823336,0.034580428126862454,0.02447707146406189,0.5598729436470209,0.47323453330409515,0.5985976198713298,0.36613000842007903,0.35615956511911573,0.3007210480479533,0.3273771072764386,0.2645136834707764,0.11440120398416104
log_ret_24_z,0.5506822299586737,0.6818459026703986,0.803897223734123,0.8590847669968319,0.8633134667690967,0.8348957156342466,0.7616004134654962,0.7077665433634831,0.6391986774206837,0.5814175502158502,0.9080347262500713,0.6980246509502848,0.35102544855910245,0.1394847393987341,0.7042613266284703,0.09009172369418958,0.7338630232470579,0.8642488168015598,0.04438380026225537,0.5781961071692654,0.4830343424337242,0.06115568845457704,0.2800970544051031,0.40592881226394995,0.04464537059840072,0.001345356113774753,0.6373765227824219,0.014254914425550257,0.0037023510292625845,0.04842983879308081,0.43297311516554415,1.0,0.4838005293269111,0.32180717207086135,0.840191816950345,0.1881881570742078,0.09921281822651166,0.029842985107747067,0.01970338890565363,0.037023690587752775,0.01149874552436464,0.008489280855258779,0.018968815641327092,1.9431223602088032e-06,0.021992692006265014,0.5923237847741255,0.487087476235814,0.6709572693014773,0.5748484218961158,0.549760444912498,0.5087153286782456,0.5240965466318224,0.433062828985638,0.20353629855372027
log_ret_72_z,0.27491846833290073,0.3338510077966636,0.4479753879538862,0.4883543750095846,0.6908422828772678,0.7113636190156606,0.8097160768808018,0.8093858836112329,0.7936660857965442,0.7778873662339364,0.5435499743481832,0.812248242903442,0.7771659271627321,0.5165828566547327,0.34830817105867123,0.11363789338224642,0.5025899514263324,0.5554930919364154,0.06580945900932361,0.5736470448889996,0.9998847922608303,0.02287450130510608,0.37586743425775615,0.010510069978790408,0.023395841010558936,0.0012237677138046508,0.3435340081116547,0.03156594684889802,0.03371911985968566,0.09820611916889256,0.22334639914529916,0.4838005293269111,1.0,0.4513669905257116,0.39520617511429584,0.7035300799084615,0.3275877268427485,0.012220778546879656,0.025637313011884762,0.01710809395960433,0.019032809049926602,0.002968468248582097,0.028588488435215796,0.021306576908036046,0.015358758524088117,0.24998423049395924,0.17629581244067952,0.322820990752431,0.621739761388658,0.43518376799542524,0.6225440705541635,0.6195545759622898,0.4790795428258697,0.31295719697212127
log_ret_168_z,0.1910010261713351,0.22894049481805206,0.29396944845290357,0.3129375732658359,0.4325780902534596,0.436407723347305,0.5808403252039052,0.5769381647390563,0.7117783152932048,0.7032144200235282,0.3441455391679218,0.4818636065659435,0.6783823518179406,0.7365726893469059,0.24708520712108653,0.00030878824112228094,0.5406055962767073,0.3421147266119367,0.004522247407545764,0.649307349254803,0.4509166627221812,0.11336521095862387,0.5334548792307364,0.05832690564950136,0.0694533359227736,0.08230501701094167,0.39729542636333653,0.10428149658989574,0.09179563728783777,0.18347320384686217,0.16577850571078379,0.32180717207086135,0.4513669905257116,1.0,0.2491473038292975,0.2795600545697511,0.5417090857366528,0.008475641424426944,9.673751154968071e-05,0.007106851784356748,0.03593719309110681,0.004941745457029799,0.0010837016385534047,0.004448998371762177,0.010420408619666796,0.1645247174779867,0.21684184333086962,0.388522821554396,0.2757366489756253,0.22606170877050044,0.5490603155264197,0.5928328922629466,0.49205615945426956,0.6201569138614005
ret_accel_6_24_z,0.1316638465767824,0.3561299877231463,0.4519992769493582,0.6559916400055981,0.6185469727671724,0.729531556337436,0.5800123442878945,0.6459138541480431,0.4931194189816044,0.5401888270551986,0.7292375054708214,0.6880587245796926,0.37835987184220204,0.17923509275687532,0.44401231156907833,0.11118709603241288,0.4646341171901275,0.7289407827719702,0.009315174052282217,0.420166523202846,0.3945183431913909,0.041017783494465325,0.21020769734835607,0.04740392756498202,0.0026502234364191015,0.0019404664879732636,0.2905671148787099,0.03483694111294909,0.01196119578917133,0.04773148932581134,0.04769167964351029,0.840191816950345,0.39520617511429584,0.2491473038292975,1.0,0.1603485016179788,0.09226685113972445,0.015903796168472213,0.01189872021352111,0.03010754274130243,0.017760526146934012,0.006155805346335183,0.016273017609743895,0.005381558177586599,0.02611147209675666,0.3365043634716494,0.2784728923775039,0.4056275106421668,0.42393894127247866,0.4058930025400153,0.3821693035798479,0.38708324223447055,0.3207734455483155,0.14605925510785836
ret_accel_24_72_z,0.1365087788064819,0.15671517121732537,0.1170100605189715,0.09717911086651063,0.1187659147288807,0.17041064055810676,0.32347658580025995,0.36995726419003505,0.4022231202086333,0.4350111461489646,0.06764084717640496,0.3785420844821753,0.6160838857297894,0.4786051605779474,0.157690581438548,0.003330017111977146,0.01876326964454439,0.02151824374559509,0.05978233115990798,0.21749751252984925,0.7038825264131955,0.0009513189482237364,0.2125396851426413,0.3556427102665075,0.05339084994798044,0.046828671536152146,0.09465380973138648,0.0020352397858086767,0.002151076693596779,0.10190856369462821,0.10558606207226158,0.1881881570742078,0.7035300799084615,0.2795600545697511,0.1603485016179788,1.0,0.29005640629135193,0.003080616908780765,0.03930253162776563,0.023556078118967975,0.04407982612237626,0.021928027792200867,0.021494685448496687,0.0463991574459012,0.02622481598419286,0.1955313791743302,0.09891614144908266,0.11380096206916318,0.22615915686359755,0.11744916633592836,0.3319764092791329,0.2955371131940493,0.26672343646394436,0.20034152136540384
