,dist_ema_9_z,ema_slope_9_z,dist_ema_21_z,ema_slope_21_z,dist_ema_50_z,ema_slope_50_z,dist_ema_100_z,ema_slope_100_z,dist_ema_200_z,ema_slope_200_z,ema_spread_9_21_z,ema_spread_21_50_z,ema_spread_50_100_z,ema_spread_100_200_z,MOM_pct_14_z,ADX_14_scaled,RSI_14_bounded,MOM_pct_30_z,ADX_30_scaled,RSI_30_bounded,MOM_pct_72_z,ADX_72_scaled,RSI_72_bounded,MACD_hist_pct_z,NATR_14_z,bb_width_20_sqrt_z,bb_pos_20_norm,volatility_24_sqrt_z,volatility_72_sqrt_z,volatility_168_sqrt_z,log_ret_6_z,log_ret_24_z,log_ret_72_z,log_ret_168_z,ret_accel_6_24_z,ret_accel_24_72_z,ret_accel_72_168_z,vol_ratio_24_log1p_z,vol_ratio_72_log1p_z,vol_ratio_168_log1p_z,range_sqrt_z,body_sqrt_z,vol_expansion_24_log1p_z,vol_expansion_72_log1p_z,vol_expansion_168_log1p_z,dist_to_high_24_sqrt_z,dist_to_low_24_sqrt_z,price_pos_in_range_24_norm,dist_to_high_72_sqrt_z,dist_to_low_72_sqrt_z,price_pos_in_range_72_norm,dist_to_high_168_sqrt_z,dist_to_low_168_sqrt_z,price_pos_in_range_168_norm
dist_ema_9_z,1.0,0.7367429435732866,0.9152895805131199,0.6044692255873253,0.7388619781406416,0.44191649237506375,0.6103435439481224,0.3322002143501935,0.5266829921740843,0.2641045331786691,0.603683389173693,0.23973922318965768,0.0027089590347180127,0.07254915699957938,0.7519322780679564,0.003800670434124619,0.5787186788513414,0.533696864692848,0.006620781697237145,0.2945306281069882,0.24627945844818086,0.010726834663610333,0.09766248305680084,0.7758405878970561,0.1860361157574605,0.04351729240823791,0.7743549087839476,0.04696255814637335,0.015106552550885553,0.016259418109369626,0.8986188519414616,0.6143547083975075,0.2468777026860609,0.29659457531934186,0.15956975449935284,0.2828461138445167,0.05594026023003777,0.026430024337214635,0.02095233980583998,0.014497712918608185,0.04622154130403561,0.018478562556611296,0.04777357900068161,0.04822161610054284,0.04684737876264572,0.7512619259906238,0.6693771681463078,0.6561971997874715,0.5365589242672264,0.4911580962548677,0.22325913573317172,0.493784690844959,0.45409017186837874,0.10635085934118779
ema_slope_9_z,0.7367429435732866,1.0,0.8743648578902158,0.9199621300771611,0.7928709650818131,0.7386641409661869,0.6792017698008572,0.6017161498038485,0.5966274218864196,0.5148862604913553,0.8593731584610446,0.457464197183673,0.1386048371687069,0.028318412229009868,0.8712679175964211,0.006203791008356073,0.6085856341233657,0.6555952893262367,0.014405431127854798,0.34970729988618643,0.28294437146457074,0.013571674524304732,0.13379230512068035,0.861199272902417,0.17225880267134167,0.04013062146233713,0.7474529624741906,0.06637373643023992,0.02899416208734407,0.03159220826245305,0.7360696550716931,0.7270385499810124,0.28401769142157696,0.34366667103602,0.3812333366330991,0.3248092141570848,0.06221590074097512,0.05131067054972846,0.04899660749857545,0.041771481277719444,0.017580503403481468,0.007135448893439269,0.020163460589582717,0.02104397516864728,0.020427695908869184,0.7390350988354393,0.6449063184273309,0.6626271177049833,0.5556104823648246,0.5038532125791917,0.24235126290114153,0.5193922254666585,0.4785365168533426,0.11852086412506542
dist_ema_21_z,0.9152895805131199,0.8743648578902158,1.0,0.8509745020713241,0.9207194286814934,0.7281881805243544,0.8004726694450773,0.6050728939294172,0.7079953384669809,0.5193412715071227,0.8592635753850942,0.5188583515257635,0.19489334732968222,0.06126947151243922,0.8876141071965818,0.010066469526905094,0.7101612772756757,0.7644003241349647,0.019616512323022757,0.41886973981882397,0.35970502596749376,0.024772097998484385,0.16255571587301582,0.7593857672821299,0.20196107509883887,0.050580188765374345,0.842955319480981,0.06378521687416072,0.02585548091847933,0.03687360814699658,0.804976361977585,0.8282184651271072,0.36082301210809725,0.3986460582557747,0.44722230760172493,0.3169207642525778,0.04083458223980338,0.046294955610712715,0.04943115788896103,0.03713721031490845,0.03831696705312017,0.01756809372602757,0.03353221651899284,0.03767202161056775,0.039939791571420545,0.8393742763541152,0.7317656592065038,0.7755624062965601,0.6780179770566591,0.6109009226102772,0.31751022861155553,0.6230427796749285,0.5693567042842675,0.14801800243467128
ema_slope_21_z,0.6044692255873253,0.9199621300771611,0.8509745020713241,1.0,0.8875790036326474,0.9174078736698918,0.8029650217941006,0.7909619817884529,0.7219474975759966,0.697178443447042,0.9835828933985161,0.6976330730344551,0.34001345670991606,0.17448160514781938,0.8666634711516573,0.014645089680881565,0.6751938065622459,0.8256259144765395,0.02345716593734748,0.44274190895173515,0.38039057120752545,0.026058024411997102,0.18871685646981437,0.6646057981935315,0.17170434011205,0.04426982982831386,0.7280566156831004,0.07084596061647117,0.036456978072058,0.04907712442578031,0.5452195183860319,0.8641501878567376,0.38175069349510937,0.4141344606664034,0.6481161321199177,0.3073624249440706,0.03324371828092423,0.057138655003104805,0.06665209573775997,0.05316650372068641,0.015383460203364573,0.010997980354453518,0.009020496323305885,0.014589953371237654,0.01843130296012695,0.739847866909984,0.6308156286081208,0.7132096973349175,0.6489316583997619,0.5807018498451243,0.32435608117608883,0.6007464735716328,0.5477122510300734,0.15201109903323132
dist_ema_50_z,0.7388619781406416,0.7928709650818131,0.9207194286814934,0.8875790036326474,1.0,0.9039351086729632,0.9543611669717139,0.8327661241007419,0.8808174670917948,0.7552614856686604,0.9261858447419103,0.7792975621545244,0.4738535357473701,0.2844189005185529,0.8140581108229694,0.02577089748134484,0.807987496537312,0.8712692857852808,0.027175358616391625,0.5660297801389217,0.5555066964694136,0.046014635393462705,0.2513332486800456,0.5359977244470672,0.17715206288722715,0.06053423425921315,0.8389522020645879,0.06856741602740646,0.046084156419319185,0.0681376256158293,0.6318284417539134,0.8759882861651027,0.5570368824800501,0.49810102971228487,0.6050953737079086,0.14905340847236875,0.057171143228811935,0.05146601656334719,0.07639300697926016,0.05815471322171696,0.02463399715242988,0.01574665134774978,0.017811631280695725,0.020326787295308076,0.027455137618377437,0.7673357492226578,0.6583081585565933,0.8191811548253003,0.8009274742473766,0.7096860831438502,0.4829705546739068,0.7365545136796751,0.6779263780668057,0.21305418479458516
ema_slope_50_z,0.44191649237506375,0.7386641409661869,0.7281881805243544,0.9174078736698918,0.9039351086729632,1.0,0.9073587212501097,0.9498326231787336,0.8555445765347287,0.8742149102683221,0.9433248603129086,0.9069788359681159,0.5973548268657882,0.3885655271573105,0.7176660319028572,0.032636897887711375,0.736508886673427,0.8631766791073564,0.025464167673053997,0.5669553406230986,0.5665626683438937,0.044694230800532656,0.27039582164762405,0.387990708451729,0.13660207360737062,0.05289679206722365,0.6886689819277961,0.07150242976729428,0.054285987444961416,0.07685706500074098,0.37352800012367277,0.8368582923725809,0.568135639200196,0.4939980667437986,0.7328126446860425,0.10064471064300522,0.0709098504889159,0.05193687359876925,0.08343411370206087,0.06516571336409585,0.005840339227782453,0.011173036759909391,0.0006115156267146475,0.0017225850782261235,0.010010596332763145,0.6214705443054498,0.5176612679509041,0.7166646817317962,0.7377098329231832,0.6520345496394006,0.48324044718616616,0.6845943106621661,0.6317950796349343,0.215707326635183
dist_ema_100_z,0.6103435439481224,0.6792017698008572,0.8004726694450773,0.8029650217941006,0.9543611669717139,0.9073587212501097,1.0,0.9226666930055769,0.9739243050663262,0.8837245778694415,0.8500340988050027,0.8666761866452426,0.6593176406997491,0.4688429103200768,0.7007338870897689,0.04708917513313072,0.8532674303650415,0.8225489738295799,0.01050069560689736,0.6721717699496477,0.682668926721552,0.06869492958223775,0.32527120826359274,0.38501034452604793,0.1411164890974526,0.0643891930713558,0.8167155812334291,0.07610367161892119,0.06573812768365592,0.09408931226140493,0.5178995446752178,0.7969557130453403,0.6842476688645222,0.5764070536083993,0.5912108099277457,0.016121054217390244,0.10393763549644085,0.04031271364848909,0.0771981166017491,0.06392703719148439,0.017455510518916317,0.014774440927551155,0.0163483365376727,0.01358374601181021,0.02135952757842707,0.655933117238944,0.563948036437546,0.8126993567283863,0.8107352220899309,0.7257801629669438,0.6197305066080468,0.7943756386831065,0.7412201418656376,0.2859721877324541
ema_slope_100_z,0.3322002143501935,0.6017161498038485,0.6050728939294172,0.7909619817884529,0.8327661241007419,0.9498326231787336,0.9226666930055769,1.0,0.9236127259083611,0.9724423698307094,0.8250672609170715,0.954703301921662,0.7652593556961805,0.5589317107481526,0.5892088989792672,0.05615726240585949,0.7661660940269273,0.7798680838273705,0.0033012390992576287,0.6590372003623447,0.6815002384609021,0.06655125541167085,0.34014546743713764,0.23601767479114907,0.09979797271811912,0.0583511714356709,0.6572137966538014,0.07747145928001903,0.07024097555279951,0.10273165062406364,0.2737024012048044,0.7304361897442856,0.6830363370959586,0.5596702735644672,0.6781580041892269,0.06934606232539081,0.11330380856295316,0.03745890327086507,0.07800579428448073,0.06556924111199243,0.0016957925893255445,0.010218611552760958,0.0010726281174367484,0.0019105820805023844,0.007323465327344595,0.5034583201396161,0.41775175248711527,0.6960062074320434,0.727020844714581,0.6490913923685404,0.6112293625332805,0.7265682938603985,0.6790939481226962,0.2885037551882998
dist_ema_200_z,0.5266829921740843,0.5966274218864196,0.7079953384669809,0.7219474975759966,0.8808174670917948,0.8555445765347287,0.9739243050663262,0.9236127259083611,1.0,0.9329144089989138,0.7683802758230462,0.8589283305555901,0.7515393636493362,0.6030402012483058,0.6176767216648286,0.06106968917481258,0.8757006929686301,0.7539864501568081,0.011508137915278268,0.7492029981742728,0.7125808279758193,0.06276030345263835,0.40545923545600554,0.30234409335908935,0.11102080216855888,0.0632985208882059,0.7958901589952074,0.08193738135472499,0.08467530786568642,0.10481269061805136,0.4457040982577631,0.7183058561432362,0.7141779238643813,0.6384082104393459,0.5496222360054305,0.09850969440727086,0.08402748255147474,0.029642220860148977,0.06678166725261342,0.06096174285256285,0.010086504736740649,0.013080723878235001,0.016162896998922874,0.010909865523865851,0.014987839211482872,0.5733371865025747,0.5001778948482114,0.7999938980588024,0.7638620100103359,0.7078393017797464,0.7061139117358458,0.8103800356978245,0.7710871722303051,0.37718985544080463
ema_slope_200_z,0.2641045331786691,0.5148862604913553,0.5193412715071227,0.697178443447042,0.7552614856686604,0.8742149102683221,0.8837245778694415,0.9724423698307094,0.9329144089989138,1.0,0.7310488932261832,0.9181512223838841,0.8429907903163802,0.6820008710275415,0.5056925138774806,0.07091812736746149,0.7790790446283412,0.7002633527970257,0.019274497309991492,0.7234519756401185,0.698583543509978,0.059092525882529924,0.412545672920384,0.15968866488149375,0.06812309634814133,0.05911833503318336,0.6341254467385389,0.08201706143302875,0.08707370018040853,0.11343242035758332,0.21355707106261343,0.6452922310437564,0.70016532850175,0.6117136077835654,0.6182966512938807,0.14660676785191146,0.08971797276579412,0.027443453556336008,0.0660534245899855,0.06113846402830477,0.004089907646057935,0.009142386102591714,0.0014906524398614548,0.00310847260367887,0.0024024126665227593,0.4252711624587658,0.35818930699579377,0.6777985903219819,0.6734886048929088,0.623123692714109,0.6872701262171372,0.7323306164927321,0.69970026099431,0.3743182713334687
ema_spread_9_21_z,0.603683389173693,0.8593731584610446,0.8592635753850942,0.9835828933985161,0.9261858447419103,0.9433248603129086,0.8500340988050027,0.8250672609170715,0.7683802758230462,0.7310488932261832,1.0,0.7618320208209235,0.39752098649179896,0.21873206931906997,0.8556368213795454,0.01739780221898011,0.7048174939949231,0.8802495375165124,0.02491575910091049,0.47756437126448814,0.4162858201807592,0.029978044295121565,0.21071494214736974,0.5964515343956105,0.17184455745652621,0.04919677751397038,0.7343204650314908,0.07173802861858915,0.036767296512161846,0.05412511775514168,0.5153513617040206,0.9086074849536795,0.4177356540236955,0.4382105951979886,0.7137802306059687,0.29551936293001213,0.023600798772184402,0.05957214295686564,0.07441861652936724,0.05826888411747549,0.014741428983121927,0.01078240193410351,0.00650203369362255,0.01211601646098771,0.01759562535778452,0.747103028793794,0.6350600950455902,0.737012549429659,0.6881262681802154,0.6132432454160777,0.3589319095571107,0.6346038930691877,0.5764441721054074,0.168419681960707
ema_spread_21_50_z,0.23973922318965768,0.457464197183673,0.5188583515257635,0.6976330730344551,0.7792975621545244,0.9069788359681159,0.8666761866452426,0.954703301921662,0.8589283305555901,0.9181512223838841,0.7618320208209235,1.0,0.7751301735954271,0.5375307904989536,0.48143535783304997,0.04951806962248163,0.6962069819188826,0.7858749116549449,0.01686975225551721,0.6176841166053894,0.6696768495412669,0.05162223990721502,0.3336252324510184,0.07467668080107481,0.08799718903000539,0.06399917565391447,0.5515876083946744,0.06903156420946704,0.05510562406487783,0.08712754610376873,0.16394956712949937,0.7060840909679631,0.6709609693784313,0.5020163483511659,0.7233113275634754,0.09120748329115604,0.14653128330153983,0.028654703671068968,0.07392799689663214,0.05676650106280088,0.0051205434029398065,0.013025069480475503,0.001668576819893918,0.001759353135622166,0.009860432445941317,0.4198326307027431,0.34030420842616477,0.6174745451693932,0.7046934612569107,0.6233885767904357,0.5723649191451684,0.6618603270569667,0.6128957098762127,0.2646905997688389
ema_spread_50_100_z,0.0027089590347180127,0.1386048371687069,0.19489334732968222,0.34001345670991606,0.4738535357473701,0.5973548268657882,0.6593176406997491,0.7652593556961805,0.7515393636493362,0.8429907903163802,0.39752098649179896,0.7751301735954271,1.0,0.801811249086318,0.15636958233820722,0.06524354813838436,0.6137377147996946,0.45875724792296846,0.02459703149720247,0.6779330004582338,0.7022771659421195,0.06983322004908345,0.43275039186157244,0.19367023066967048,0.02718669848849262,0.07016582786906402,0.3937575379899803,0.06317377783088185,0.06895285477307365,0.1285128595809244,0.03165346895610894,0.36447847365602587,0.7037924846120215,0.5128051352768487,0.4417126016091813,0.3837939578421963,0.1577450767617559,0.0010461208947214816,0.04745742800292575,0.04633739387077052,0.016617622909089528,0.00503979562595322,0.0014069568295892237,0.016612703084710995,0.008674637911017725,0.10590066809520154,0.09892936863082534,0.44955543721349256,0.4722484717771253,0.4443711890984193,0.6945408148161061,0.5712822807539734,0.5476828125116519,0.3884906533951943
ema_spread_100_200_z,0.07254915699957938,0.028318412229009868,0.06126947151243922,0.17448160514781938,0.2844189005185529,0.3885655271573105,0.4688429103200768,0.5589317107481526,0.6030402012483058,0.6820008710275415,0.21873206931906997,0.5375307904989536,0.801811249086318,1.0,0.046363067833301894,0.051433944379015197,0.5405418235521054,0.2681469861506809,0.09263477659184809,0.6900605712037747,0.496380369703555,0.04238178429519384,0.5514665408384776,0.18647422302382716,0.04526014486011811,0.017309533449021055,0.3222128359204715,0.020750476700088793,0.10666016705390098,0.056652818060539636,0.08016365284732369,0.19592398140651926,0.49757710710130115,0.5554621427796408,0.27452263441706287,0.35818149185019327,0.02536650034883425,0.02033977101019486,0.007638657792681905,0.01016866818967842,0.0022818153374538474,0.009937468137575284,0.013355642315481473,0.011973576621279146,0.0012949707067453227,0.016735113829474162,0.00785379234962476,0.365397130878351,0.2593546379841606,0.2722006308023728,0.6940540175915527,0.46179018343199807,0.4716894785797531,0.547302141401746
MOM_pct_14_z,0.7519322780679564,0.8712679175964211,0.8876141071965818,0.8666634711516573,0.8140581108229694,0.7176660319028572,0.7007338870897689,0.5892088989792672,0.6176767216648286,0.5056925138774806,0.8556368213795454,0.48143535783304997,0.15636958233820722,0.046363067833301894,1.0,0.002372441302042589,0.6252319219264366,0.676907440435446,0.015667661607010868,0.36816138394947745,0.30038277807638947,0.018763365711961518,0.15032767840331102,0.7920200482154908,0.173091355875687,0.04508483096153156,0.7602835959240247,0.06596547484733156,0.026800115580759926,0.03195509836665653,0.6347009256973374,0.7522343356397354,0.3014993944830755,0.3608589482721905,0.46165142577822993,0.32449939334233946,0.06285350785327959,0.04391135958274228,0.043929398712074304,0.033851458318593916,0.026071664979705426,0.013182894330306996,0.027435278713596963,0.027709490075669026,0.029771768491473543,0.7573738668577017,0.6680361944935997,0.6864260152204045,0.5757006502985988,0.5170437703642116,0.26105200347505914,0.5364141498661407,0.4923057885220994,0.1372383418093486
ADX_14_scaled,0.003800670434124619,0.006203791008356073,0.010066469526905094,0.014645089680881565,0.02577089748134484,0.032636897887711375,0.04708917513313072,0.05615726240585949,0.06106968917481258,0.07091812736746149,0.01739780221898011,0.04951806962248163,0.06524354813838436,0.051433944379015197,0.002372441302042589,1.0,0.05054953282965226,0.007520375782734795,0.7109042149189809,0.07527609054798608,0.07721874526008293,0.20205230730384247,0.056129020291382364,0.006988960523488693,0.4817947291521937,0.4562271654559232,0.021156343718126417,0.3994089001462883,0.36979087649865044,0.21311393152291916,0.00376893900331256,0.003080565288472187,0.07777118050937723,0.054892241064910224,0.002092449251352185,0.07815519528865854,0.05879624698509949,0.019620152129940383,0.11086347250048847,0.17114605827144735,0.23688898817272916,0.10946455496949568,0.007108530691409855,0.1487021119872973,0.21460384771279556,0.22771036546312884,0.2436479657870461,0.00423033683853104,0.24390375705663345,0.22910889991577807,0.03962508093589465,0.2038271517955444,0.15917183015831693,0.0521446302706468
RSI_14_bounded,0.5787186788513414,0.6085856341233657,0.7101612772756757,0.6751938065622459,0.807987496537312,0.736508886673427,0.8532674303650415,0.7661660940269273,0.8757006929686301,0.7790790446283412,0.7048174939949231,0.6962069819188826,0.6137377147996946,0.5405418235521054,0.6252319219264366,0.05054953282965226,1.0,0.6739511312648536,0.019303898646945518,0.919269303406962,0.6285895946185924,0.0325081365497357,0.6930917419395624,0.38720585973474364,0.09336929425933452,0.04620025304078134,0.9124333552867102,0.08628111571580403,0.08865377366523496,0.08605373553426802,0.5045062579418291,0.6672543598441872,0.6297239757061459,0.6156239926082042,0.45196701106750387,0.07498745860637006,0.039327364325261883,0.017337607759234385,0.054550064703195504,0.046674739226407476,0.004453746722517013,0.008705500699674032,0.02763150203527371,0.010657118851322827,0.013767379690050653,0.5960631050855744,0.5467126746237343,0.9143078071713484,0.7039411450326807,0.6648438456404311,0.8399052182801032,0.7742017691936677,0.7428633418829272,0.645638799612321
MOM_pct_30_z,0.533696864692848,0.6555952893262367,0.7644003241349647,0.8256259144765395,0.8712692857852808,0.8631766791073564,0.8225489738295799,0.7798680838273705,0.7539864501568081,0.7002633527970257,0.8802495375165124,0.7858749116549449,0.45875724792296846,0.2681469861506809,0.676907440435446,0.007520375782734795,0.6739511312648536,1.0,0.03391401111311046,0.4910231667742637,0.4107166653555174,0.040522978793514894,0.2386918284826626,0.3700796164458819,0.14257399205906754,0.06850997155957833,0.6340092653323177,0.09073109079997675,0.03772911036875746,0.05923360087067864,0.4318358316421135,0.8691660430023264,0.4121880215804216,0.4148669334392339,0.726389736489886,0.25581593167689964,0.01576696841065822,0.039347505361699786,0.0702538105355101,0.055511359391590395,0.019855579023301255,0.018625884235553662,0.020057583577418988,0.016600310210826304,0.02144294722555525,0.6390715280528054,0.557935940323437,0.6726839245043597,0.6548601997848871,0.602151206161659,0.3789035735481502,0.6148863357342399,0.5562479099906485,0.18536525312332758
ADX_30_scaled,0.006620781697237145,0.014405431127854798,0.019616512323022757,0.02345716593734748,0.027175358616391625,0.025464167673053997,0.01050069560689736,0.0033012390992576287,0.011508137915278268,0.019274497309991492,0.02491575910091049,0.01686975225551721,0.02459703149720247,0.09263477659184809,0.015667661607010868,0.7109042149189809,0.019303898646945518,0.03391401111311046,1.0,0.0726871122927609,0.011216869232283443,0.5769284005355478,0.10399752057521872,0.012682912317677987,0.3918742054845728,0.19525078281971095,0.0050402923364174694,0.30517616816107407,0.4917330217743071,0.4186387413013417,0.005619835766323002,0.02676907705317906,0.011236719309539112,0.023355532043735684,0.023871049859174646,0.02014487569347802,0.023828493496209177,0.06801957858362818,0.025836478663707405,0.03767538395109974,0.12874424923399513,0.05073162340510632,0.06296838117484903,0.008687728264063823,0.07465762317403353,0.1187404061330563,0.11910050072659342,0.004955833260690968,0.17368147295287278,0.2662008728536631,0.03341170751996152,0.21713030826313756,0.2361421845489578,0.10278647412212867
RSI_30_bounded,0.2945306281069882,0.34970729988618643,0.41886973981882397,0.44274190895173515,0.5660297801389217,0.5669553406230986,0.6721717699496477,0.6590372003623447,0.7492029981742728,0.7234519756401185,0.47756437126448814,0.6176841166053894,0.6779330004582338,0.6900605712037747,0.36816138394947745,0.07527609054798608,0.919269303406962,0.4910231667742637,0.0726871122927609,1.0,0.5868563531576304,0.0011830568540624332,0.8877347251367476,0.1446492924833174,0.0356384289550081,0.02413908730189873,0.7279315823511524,0.049527661073113446,0.08006855138714974,0.0627726649309499,0.2535242601268309,0.4516030501330073,0.5877781990266319,0.5957436654676577,0.35635872856012163,0.22311950838017255,0.015950516249239908,0.00016336894850556784,0.030674788753438664,0.027925951610761206,0.0036857195668668335,0.00808198160069752,0.013831393531654922,0.002707157042853628,0.005219999275829854,0.34678756469830985,0.31173114577683614,0.7627319499226936,0.5307080319990602,0.49470558049311003,0.9298512445677423,0.6637668105862394,0.6308368151181459,0.8296028339814081
MOM_pct_72_z,0.24627945844818086,0.28294437146457074,0.35970502596749376,0.38039057120752545,0.5555066964694136,0.5665626683438937,0.682668926721552,0.6815002384609021,0.7125808279758193,0.698583543509978,0.4162858201807592,0.6696768495412669,0.7022771659421195,0.496380369703555,0.30038277807638947,0.07721874526008293,0.6285895946185924,0.4107166653555174,0.011216869232283443,0.5868563531576304,1.0,0.03731241796216144,0.3330279490197701,0.04097041481459065,0.01511643334424988,0.03607049174194107,0.517455449415768,0.05485495138782404,0.07715354194346982,0.08460908027400643,0.21324533246657537,0.36553797166925134,0.9997706596933653,0.43810805965669514,0.29163796470915326,0.5659365796596108,0.46757453736312765,0.013817241002482576,0.06085153326536143,0.054654125071570546,0.008492515223926007,0.00863485287878311,0.009437291335729875,0.004222811134213244,0.0028180075880071837,0.23951723959862847,0.20796825902546914,0.5142490448090417,0.6249598291613158,0.5564671317391483,0.6448541947463733,0.5604789776364296,0.5221538765826953,0.284295739098789
ADX_72_scaled,0.010726834663610333,0.013571674524304732,0.024772097998484385,0.026058024411997102,0.046014635393462705,0.044694230800532656,0.06869492958223775,0.06655125541167085,0.06276030345263835,0.059092525882529924,0.029978044295121565,0.05162223990721502,0.06983322004908345,0.04238178429519384,0.018763365711961518,0.20205230730384247,0.0325081365497357,0.040522978793514894,0.5769284005355478,0.0011830568540624332,0.03731241796216144,1.0,0.0873829736642172,0.014398056983755417,0.082630554170253,0.03496504079118819,0.03434119027066807,0.08000818045594574,0.24465783661729512,0.38841521515243344,0.009437782214417385,0.030674322175188454,0.0393059313958747,0.0019099100454015184,0.017798108019071484,0.005086942878751265,0.0027639555359801585,0.03635124855139467,0.0482764556952291,0.04666127838912095,0.004506088512376971,0.007651136793029305,0.04083204453328306,0.05644094166840436,0.04715999427437084,0.002769483518028713,0.011148316065430874,0.01861992985450557,0.005696656200881999,0.06987449498727961,0.02613621989263623,0.06834684883051557,0.12770052910130572,0.043303035079263766
RSI_72_bounded,0.09766248305680084,0.13379230512068035,0.16255571587301582,0.18871685646981437,0.2513332486800456,0.27039582164762405,0.32527120826359274,0.34014546743713764,0.40545923545600554,0.412545672920384,0.21071494214736974,0.3336252324510184,0.43275039186157244,0.5514665408384776,0.15032767840331102,0.056129020291382364,0.6930917419395624,0.2386918284826626,0.10399752057521872,0.8877347251367476,0.3330279490197701,0.0873829736642172,1.0,0.04136406011225008,0.008613716201859448,0.006084951956189292,0.48664720539158457,0.0021057906501424344,0.04840886681111684,0.007812649750800963,0.08517336284007145,0.20621965507621356,0.3330662221465679,0.39953661371324606,0.17577335832777924,0.19566007484152648,0.060218955376131436,0.012309029064448218,0.00560127650600914,0.004095387961507953,0.0047284475252145864,0.00589979289480328,0.005778067375348053,0.005260346702645839,0.0017728183058946605,0.13202772220463393,0.11441676917102668,0.5305965691301248,0.2430806853752131,0.2238188926039497,0.7979189174931957,0.37462783188868826,0.34189348841222295,0.929899429980197
MACD_hist_pct_z,0.7758405878970561,0.861199272902417,0.7593857672821299,0.6646057981935315,0.5359977244470672,0.387990708451729,0.38501034452604793,0.23601767479114907,0.30234409335908935,0.15968866488149375,0.5964515343956105,0.07467668080107481,0.19367023066967048,0.18647422302382716,0.7920200482154908,0.006988960523488693,0.38720585973474364,0.3700796164458819,0.012682912317677987,0.1446492924833174,0.04097041481459065,0.014398056983755417,0.04136406011225008,1.0,0.14569346416069298,0.024205006096100677,0.6100255759001553,0.052674125867065415,0.009478304153233353,0.0049114475411818626,0.762447779341706,0.5064177323789544,0.041012420266136315,0.17827621737811575,0.1075540897087851,0.41176369957216247,0.15783590687139787,0.024611874377760322,0.006333780900270014,0.007642239713645749,0.03020171660722932,0.008205096372244373,0.0443550756173798,0.03748838440509254,0.031423958874815465,0.6410703603732126,0.5874101180241755,0.47621755159739754,0.2979124915139996,0.2789197810459377,0.04781135503709837,0.29184817042386935,0.2699134183581468,0.05594169896017974
NATR_14_z,0.1860361157574605,0.17225880267134167,0.20196107509883887,0.17170434011205,0.17715206288722715,0.13660207360737062,0.1411164890974526,0.09979797271811912,0.11102080216855888,0.06812309634814133,0.17184455745652621,0.08799718903000539,0.02718669848849262,0.04526014486011811,0.173091355875687,0.4817947291521937,0.09336929425933452,0.14257399205906754,0.3918742054845728,0.0356384289550081,0.01511643334424988,0.082630554170253,0.008613716201859448,0.14569346416069298,1.0,0.5646161460533201,0.1193094884884971,0.732439711385363,0.5417184138501614,0.2963657179991102,0.16255201213047454,0.1582969450503031,0.018235598695370805,0.022831802909625453,0.08325426884647084,0.08539722010815297,0.0017222840829036808,0.10155728523560001,0.3171267188360999,0.41024990147471707,0.49834994673456456,0.2664269188119185,0.11873690474331777,0.37511270786529016,0.4668493145891556,0.4578443633457352,0.1902732075737588,0.0877677357540346,0.3252063725373121,0.2121540448846352,0.01732083404928377,0.21261704746668877,0.12796778950598897,0.03126989821855356
bb_width_20_sqrt_z,0.04351729240823791,0.04013062146233713,0.050580188765374345,0.04426982982831386,0.06053423425921315,0.05289679206722365,0.0643891930713558,0.0583511714356709,0.0632985208882059,0.05911833503318336,0.04919677751397038,0.06399917565391447,0.07016582786906402,0.017309533449021055,0.04508483096153156,0.4562271654559232,0.04620025304078134,0.06850997155957833,0.19525078281971095,0.02413908730189873,0.03607049174194107,0.03496504079118819,0.006084951956189292,0.024205006096100677,0.5646161460533201,1.0,0.075353154873732,0.5411445449136051,0.28597185651385487,0.18702726162982874,0.03689668988124584,0.06852934457202495,0.033035114824251005,0.032491167164209564,0.05211604582099657,0.04391125282632981,0.023981769496058514,0.13444490343536447,0.32185298399469137,0.3560622678954487,0.33304804254888354,0.15725332971485917,0.10758235335051908,0.296051404154541,0.32736076241030354,0.22950095862347092,0.4199973206869746,0.08990373397507191,0.029587524141449523,0.26142433478020105,0.06521759214027129,0.005216789977464999,0.17478899759870845,0.005016941527348259
bb_pos_20_norm,0.7743549087839476,0.7474529624741906,0.842955319480981,0.7280566156831004,0.8389522020645879,0.6886689819277961,0.8167155812334291,0.6572137966538014,0.7958901589952074,0.6341254467385389,0.7343204650314908,0.5515876083946744,0.3937575379899803,0.3222128359204715,0.7602835959240247,0.021156343718126417,0.9124333552867102,0.6340092653323177,0.0050402923364174694,0.7279315823511524,0.517455449415768,0.03434119027066807,0.48664720539158457,0.6100255759001553,0.1193094884884971,0.075353154873732,1.0,0.09229428010087487,0.08064901127690775,0.07674059263278347,0.6948692603881045,0.672211691265423,0.5183567773884611,0.5394622503153202,0.34390291310468724,0.05495628971253253,0.0006452357197506598,0.0261272773367041,0.047790229799018605,0.04209869471727686,0.01225282712165175,0.00782709772227452,0.040127275591942894,0.021453370318500115,0.021651379152650394,0.7100874235554071,0.6723556610636344,0.9133337809433293,0.6898673841381506,0.6600929689315924,0.6524505605950998,0.7209770229092788,0.6977579919613075,0.46607664288750533
volatility_24_sqrt_z,0.04696255814637335,0.06637373643023992,0.06378521687416072,0.07084596061647117,0.06856741602740646,0.07150242976729428,0.07610367161892119,0.07747145928001903,0.08193738135472499,0.08201706143302875,0.07173802861858915,0.06903156420946704,0.06317377783088185,0.020750476700088793,0.06596547484733156,0.3994089001462883,0.08628111571580403,0.09073109079997675,0.30517616816107407,0.049527661073113446,0.05485495138782404,0.08000818045594574,0.0021057906501424344,0.052674125867065415,0.732439711385363,0.5411445449136051,0.09229428010087487,1.0,0.47862233970512075,0.32707827722007465,0.03730719011223475,0.08747560813760029,0.052479749472024176,0.07007024934160402,0.08737075073800586,0.04593684083582427,0.04226495960537667,0.01815169903753155,0.23127949940850134,0.294026772144087,0.34806157038874236,0.2078045243269085,0.036700143761148024,0.2550285058851732,0.32157871779044594,0.20776737188860347,0.43321600127561216,0.1258112206610628,0.08779898649095247,0.3577149955312954,0.07515199608815089,0.0011139535895665418,0.24909126388015781,0.027570203216775006
volatility_72_sqrt_z,0.015106552550885553,0.02899416208734407,0.02585548091847933,0.036456978072058,0.046084156419319185,0.054285987444961416,0.06573812768365592,0.07024097555279951,0.08467530786568642,0.08707370018040853,0.036767296512161846,0.05510562406487783,0.06895285477307365,0.10666016705390098,0.026800115580759926,0.36979087649865044,0.08865377366523496,0.03772911036875746,0.4917330217743071,0.08006855138714974,0.07715354194346982,0.24465783661729512,0.04840886681111684,0.009478304153233353,0.5417184138501614,0.28597185651385487,0.08064901127690775,0.47862233970512075,1.0,0.3951606891644802,0.013142971645015234,0.03755835245422233,0.07644829065606341,0.11493745253215364,0.04200745567747977,0.016877420029843902,0.038679272278440216,0.04536865252680954,0.010022549643090167,0.14348241675625667,0.20000407503494147,0.12181335912584858,0.05519864570357196,0.008944220980777321,0.15515015249139205,0.1559452418564675,0.20564116675259553,0.0956195237049906,0.15858998076992226,0.3794631244322192,0.12609618328261676,0.03584529852252075,0.30839455716768427,0.07658537307111282
volatility_168_sqrt_z,0.016259418109369626,0.03159220826245305,0.03687360814699658,0.04907712442578031,0.0681376256158293,0.07685706500074098,0.09408931226140493,0.10273165062406364,0.10481269061805136,0.11343242035758332,0.05412511775514168,0.08712754610376873,0.1285128595809244,0.056652818060539636,0.03195509836665653,0.21311393152291916,0.08605373553426802,0.05923360087067864,0.4186387413013417,0.0627726649309499,0.08460908027400643,0.38841521515243344,0.007812649750800963,0.0049114475411818626,0.2963657179991102,0.18702726162982874,0.07674059263278347,0.32707827722007465,0.3951606891644802,1.0,0.012878079819934572,0.0532983048178563,0.08565139904776689,0.11377624868426053,0.04892154433232142,0.01474623861796244,0.03167816611971537,0.01509936615853358,0.005838123024339873,0.013809838719606437,0.13719254910198567,0.08477767701117414,0.013360412205162422,0.030707842355574794,0.03533084579133034,0.06374181467047148,0.1510439190772464,0.07438836680195024,0.023520133380979805,0.20784867046126032,0.08295419598302924,0.06944458174216678,0.30498595231574266,0.0002254695922069725
log_ret_6_z,0.8986188519414616,0.7360696550716931,0.804976361977585,0.5452195183860319,0.6318284417539134,0.37352800012367277,0.5178995446752178,0.2737024012048044,0.4457040982577631,0.21355707106261343,0.5153513617040206,0.16394956712949937,0.03165346895610894,0.08016365284732369,0.6347009256973374,0.00376893900331256,0.5045062579418291,0.4318358316421135,0.005619835766323002,0.2535242601268309,0.21324533246657537,0.009437782214417385,0.08517336284007145,0.762447779341706,0.16255201213047454,0.03689668988124584,0.6948692603881045,0.03730719011223475,0.013142971645015234,0.012878079819934572,1.0,0.5023417502262278,0.21382686375524687,0.24921865731393283,0.013401803489431666,0.22804656558905487,0.03988829395727225,0.023081612027078594,0.014189442825627759,0.010987483639022891,0.03541502240854798,0.01623958321078729,0.03907003053930519,0.038550072733878664,0.03623753369662282,0.647383437930115,0.574653210688365,0.5604034745335016,0.4570705249321017,0.41361738141807247,0.19152129495669404,0.4252093260639237,0.38682521684496246,0.09348147026252894
log_ret_24_z,0.6143547083975075,0.7270385499810124,0.8282184651271072,0.8641501878567376,0.8759882861651027,0.8368582923725809,0.7969557130453403,0.7304361897442856,0.7183058561432362,0.6452922310437564,0.9086074849536795,0.7060840909679631,0.36447847365602587,0.19592398140651926,0.7522343356397354,0.003080565288472187,0.6672543598441872,0.8691660430023264,0.02676907705317906,0.4516030501330073,0.36553797166925134,0.030674322175188454,0.20621965507621356,0.5064177323789544,0.1582969450503031,0.06852934457202495,0.672211691265423,0.08747560813760029,0.03755835245422233,0.0532983048178563,0.5023417502262278,1.0,0.36663126596576184,0.41100642694817696,0.8184737101825126,0.4168542521187,0.059272892283456016,0.041804261145850966,0.06336176603114077,0.04976922784448697,0.021640242135972217,0.01022103493453581,0.01955000227866134,0.01911462063028748,0.02393416740685285,0.7346377338489007,0.6467886187911319,0.7269800253009072,0.6299927774653199,0.5754032272486428,0.3304776858558195,0.5939847773746366,0.5369882120949282,0.16386653217163266
log_ret_72_z,0.2468777026860609,0.28401769142157696,0.36082301210809725,0.38175069349510937,0.5570368824800501,0.568135639200196,0.6842476688645222,0.6830363370959586,0.7141779238643813,0.70016532850175,0.4177356540236955,0.6709609693784313,0.7037924846120215,0.49757710710130115,0.3014993944830755,0.07777118050937723,0.6297239757061459,0.4121880215804216,0.011236719309539112,0.5877781990266319,0.9997706596933653,0.0393059313958747,0.3330662221465679,0.041012420266136315,0.018235598695370805,0.033035114824251005,0.5183567773884611,0.052479749472024176,0.07644829065606341,0.08565139904776689,0.21382686375524687,0.36663126596576184,1.0,0.43963136633955346,0.2924640053502942,0.5665633802850675,0.46679082758924095,0.014326305347225697,0.06023003483831389,0.05328598710889566,0.007135793907525921,0.00957587944908223,0.009420726035908359,0.003181155030961639,0.001183950490934715,0.24223450390008716,0.20634304668687412,0.515175587629848,0.6259473599683597,0.5561701365556664,0.645872792948244,0.5624108059162441,0.5227668792112374,0.28426039309727885
log_ret_168_z,0.29659457531934186,0.34366667103602,0.3986460582557747,0.4141344606664034,0.49810102971228487,0.4939980667437986,0.5764070536083993,0.5596702735644672,0.6384082104393459,0.6117136077835654,0.4382105951979886,0.5020163483511659,0.5128051352768487,0.5554621427796408,0.3608589482721905,0.054892241064910224,0.6156239926082042,0.4148669334392339,0.023355532043735684,0.5957436654676577,0.43810805965669514,0.0019099100454015184,0.39953661371324606,0.17827621737811575,0.022831802909625453,0.032491167164209564,0.5394622503153202,0.07007024934160402,0.11493745253215364,0.11377624868426053,0.24921865731393283,0.41100642694817696,0.43963136633955346,1.0,0.32491457892567827,0.09411212326661833,0.4198255227397371,0.016534205341578283,0.021478218807107152,0.02658544105273534,0.009265930076719286,0.009577363755107078,0.014158628861069653,0.0068525152862010255,0.00107834161435518,0.3137660535744864,0.2891177843550921,0.5408025560567877,0.45071919632162794,0.41208678102581175,0.554050713623341,0.6073530918011494,0.5979836253026168,0.4523280422238707
ret_accel_6_24_z,0.15956975449935284,0.3812333366330991,0.44722230760172493,0.6481161321199177,0.6050953737079086,0.7328126446860425,0.5912108099277457,0.6781580041892269,0.5496222360054305,0.6182966512938807,0.7137802306059687,0.7233113275634754,0.4417126016091813,0.27452263441706287,0.46165142577822993,0.002092449251352185,0.45196701106750387,0.726389736489886,0.023871049859174646,0.35635872856012163,0.29163796470915326,0.017798108019071484,0.17577335832777924,0.1075540897087851,0.08325426884647084,0.05211604582099657,0.34390291310468724,0.08737075073800586,0.04200745567747977,0.04892154433232142,0.013401803489431666,0.8184737101825126,0.2924640053502942,0.32491457892567827,1.0,0.3529756597923977,0.03741572756234585,0.03032806586185844,0.058985104137509015,0.04919732734474012,0.002211602644810805,0.005785852821168877,0.001990176680403376,0.0014943801195606064,0.003604592684600039,0.4338733029768776,0.38153872515614823,0.48656769373599557,0.44198709618964993,0.4104284285341889,0.251375124786309,0.4258421414138864,0.3762919433683673,0.12341075055937606
ret_accel_24_72_z,0.2828461138445167,0.3248092141570848,0.3169207642525778,0.3073624249440706,0.14905340847236875,0.10064471064300522,0.016121054217390244,0.06934606232539081,0.09850969440727086,0.14660676785191146,0.29551936293001213,0.09120748329115604,0.3837939578421963,0.35818149185019327,0.32449939334233946,0.07815519528865854,0.07498745860637006,0.25581593167689964,0.02014487569347802,0.22311950838017255,0.5659365796596108,0.005086942878751265,0.19566007484152648,0.41176369957216247,0.08539722010815297,0.04391125282632981,0.05495628971253253,0.04593684083582427,0.016877420029843902,0.01474623861796244,0.22804656558905487,0.4168542521187,0.5665633802850675,0.09411212326661833,0.3529756597923977,1.0,0.46653517937305805,0.026291397185196522,0.0017903803777235044,0.0010744262540924709,0.00983583238084577,0.011381221038290411,0.006184670411433068,0.014102610156763491,0.008066909397565419,0.329398696707689,0.3404829988139351,0.08862297440245026,0.08353180475143898,0.030231842037858826,0.3550337724946418,0.0635116985421211,0.044866958358212,0.15720681598904201
