,dist_ema_9_z,ema_slope_9_z,dist_ema_21_z,ema_slope_21_z,dist_ema_50_z,ema_slope_50_z,dist_ema_100_z,ema_slope_100_z,dist_ema_200_z,ema_slope_200_z,ema_spread_9_21_z,ema_spread_21_50_z,ema_spread_50_100_z,ema_spread_100_200_z,MOM_pct_14_z,ADX_14_scaled,RSI_14_bounded,MOM_pct_30_z,ADX_30_scaled,RSI_30_bounded,MOM_pct_72_z,ADX_72_scaled,RSI_72_bounded,MACD_hist_pct_z,NATR_14_z,bb_width_20_sqrt_z,bb_pos_20_norm,volatility_24_sqrt_z,volatility_72_sqrt_z,volatility_168_sqrt_z,log_ret_6_z,log_ret_24_z,log_ret_72_z,log_ret_168_z,ret_accel_6_24_z,ret_accel_24_72_z,ret_accel_72_168_z,vol_ratio_24_log1p_z,vol_ratio_72_log1p_z,vol_ratio_168_log1p_z,range_sqrt_z,body_sqrt_z,vol_expansion_24_log1p_z,vol_expansion_72_log1p_z,vol_expansion_168_log1p_z,dist_to_high_24_sqrt_z,dist_to_low_24_sqrt_z,price_pos_in_range_24_norm,dist_to_high_72_sqrt_z,dist_to_low_72_sqrt_z,price_pos_in_range_72_norm,dist_to_high_168_sqrt_z,dist_to_low_168_sqrt_z,price_pos_in_range_168_norm
dist_ema_9_z,1.0,0.7133977777642564,0.9058174834958248,0.5785951713991506,0.7160295848357466,0.4112327020218834,0.5905728904354801,0.30557141256076564,0.5123443689445402,0.24131820897833722,0.5762832775150972,0.21013042653899824,0.002149019340343553,0.056462707695867205,0.7275745400005416,0.05723076004779349,0.5977699682176443,0.5004478614428692,0.038151518965073204,0.3087112626541908,0.26090425363870756,0.013768775218083572,0.11228099799122157,0.7666361249253251,0.13525810770885818,0.03573017252191937,0.7807724948681078,0.011171406196418718,0.009775470862325289,0.0053149108885265604,0.8851110869379938,0.5841525811215663,0.261634893382494,0.2920813495009797,0.13345908808375326,0.23781330926593192,0.019247664021636513,0.09142005308343823,0.08323659462382176,0.06987888419871197,0.003313490577024025,0.0019336542592678543,0.006675753901640316,0.008914767996855356,0.004104018847348357,0.6903702003755613,0.6117119987300472,0.6959844422511627,0.4667305121853444,0.4761133721247704,0.23496269157471633,0.45052472593867693,0.43818554268674714,0.10801669615989021
ema_slope_9_z,0.7133977777642564,1.0,0.8612716180775318,0.9127918050284889,0.7751520472557238,0.7235096235175857,0.6671543465736379,0.5919268431555462,0.5899890379114163,0.5099313552980254,0.8451418451799458,0.4369442702482777,0.15642078196390855,0.05824420116525502,0.8442179356512867,0.06119949761508575,0.6222071151788509,0.6215796004705597,0.04305452339854492,0.36903078373497045,0.28884623111054497,0.013871514118926011,0.15917632814155236,0.8690305446996885,0.1001577335375211,0.031732458839271865,0.7506605674702579,0.001808660712994961,0.01792130067091177,0.019223520342531282,0.7192434613167145,0.7090665893403376,0.2898208724778646,0.33001031265596426,0.3602760837660454,0.28921873460552905,0.030392964419530554,0.1284692596321883,0.1390859687067287,0.1252339982948757,0.06878522947281458,0.043187257833578144,0.07443890954531336,0.07880702367385845,0.07365855135494363,0.6559588807558907,0.5665473875648244,0.6905691460829518,0.4799639151030596,0.47449423503866706,0.2663605982219445,0.48958047514782066,0.46497583718314467,0.13698549993371473
dist_ema_21_z,0.9058174834958248,0.8612716180775318,1.0,0.8431956403275106,0.9172093188647513,0.7194944955231262,0.8062072441198322,0.605077177989529,0.7187328097843797,0.5217994933340666,0.8511481612841314,0.5085520863916864,0.21470891160148545,0.08664984847440822,0.8729175443362278,0.04163108462599471,0.7392008625471672,0.7441206279633648,0.046642380076697666,0.4431138781393839,0.3718052155587509,0.021005746537293583,0.1860705408582579,0.7561339052699506,0.12181956458866813,0.036646023642377915,0.8552352316254315,0.009975979609009363,0.0005332174519980413,0.01080612983596997,0.7892617934187304,0.8164328869085916,0.3728910901444979,0.3935027807532698,0.4351791054779347,0.2884516050257469,0.011521514340390573,0.11509207452222872,0.12820309499155005,0.11056966333670874,0.03135292287564182,0.0148609018096978,0.03989959411076084,0.04378026712566713,0.03663085490309246,0.7476631675568247,0.6373647448494766,0.8041085773606607,0.6116913674525293,0.5838940766843757,0.34475001241909364,0.5958288330995406,0.5651540829837619,0.1581219354221476
ema_slope_21_z,0.5785951713991506,0.9127918050284889,0.8431956403275106,1.0,0.8850773671016557,0.9173140227273836,0.8125541915964378,0.8038295408118513,0.7374579647049729,0.7142577602597511,0.9818722205397855,0.6931067587876781,0.3681207017479996,0.2067995963364891,0.8527200100556365,0.03201087920022134,0.6940382738148236,0.8061807689977216,0.04471918651378752,0.4679655962761444,0.38243979741199424,0.01616310725379563,0.21886884926831435,0.6640741069051602,0.07123676301339678,0.020154613111957494,0.7330892754910646,0.006320326391268536,0.008907260920423873,0.03205580827999353,0.5254272866400862,0.8583901139358571,0.3836663465449834,0.40158650151036834,0.6361875992232553,0.287389737471897,0.012433952331531859,0.12099253914826388,0.1558441358967594,0.13951383994206562,0.08148312734808384,0.04194648388741124,0.08121636940492472,0.09048874911451,0.083634350864871,0.6268476618906945,0.5246733601136077,0.7172433347771995,0.5856553989130578,0.543434548667498,0.36207855067140465,0.5855283296934884,0.5491905790889527,0.17495568280759777
dist_ema_50_z,0.7160295848357466,0.7751520472557238,0.9172093188647513,0.8850773671016557,1.0,0.9014775666440464,0.9630738461557321,0.8410695305556037,0.8933453934270233,0.7636521467323467,0.9270321585957616,0.7793756818649971,0.4936762752664208,0.29212006515252714,0.8032615543605864,0.002290186910718204,0.8189932300364244,0.8683048852665365,0.05638868595715743,0.5762415147547448,0.5503620173058371,0.045825161407849875,0.2698985203561934,0.5257086243209717,0.08118203392290661,0.0023739731784026405,0.8272365440302362,0.008822486463271259,0.00967187147665243,0.021228692041660606,0.6104475372673771,0.8755753433290375,0.5514705774064503,0.4667673179142379,0.6019017277437269,0.14244615258645604,0.06851065348281848,0.10396112570168033,0.1513429587987804,0.1330686088452063,0.04796780525529104,0.017439859393294618,0.04483605549697845,0.05867961468154338,0.04966900638370539,0.6437402157823684,0.5495856152392554,0.797116583445937,0.7350588958976266,0.65276902113501,0.5041256855707869,0.7104404205164674,0.6588131675418202,0.21361099729084132
ema_slope_50_z,0.4112327020218834,0.7235096235175857,0.7194944955231262,0.9173140227273836,0.9014775666440464,1.0,0.9119683987111729,0.9610041871682046,0.8634676320611536,0.8870339098721384,0.9459591453595492,0.9064862284760066,0.6184608570730997,0.3952831759576561,0.7074491013639965,0.013677661374597604,0.7327820002263594,0.8610626591216773,0.04783069572297654,0.5717442816278178,0.5477114157292635,0.039067258634313255,0.2898462344230837,0.38054492872954293,0.028615765621019962,0.0178131335505047,0.6678629215573633,0.027436345114476075,0.0012067809737480403,0.03635121118948629,0.35289134607350264,0.8387475839960337,0.5488152048100524,0.44948112113146754,0.7241843251797343,0.10291354586342642,0.07587698033302324,0.09368674024825176,0.1614860657308038,0.1460409924907391,0.08354933711689794,0.03624407290841222,0.06955878401211933,0.09034989950716257,0.08237522064436134,0.48645288797718655,0.4120207189481122,0.6697424549240696,0.6797967948508247,0.5847462472893667,0.5057998819539397,0.6667906426135765,0.6109556951676611,0.22189538296247743
dist_ema_100_z,0.5905728904354801,0.6671543465736379,0.8062072441198322,0.8125541915964378,0.9630738461557321,0.9119683987111729,1.0,0.9207501019972487,0.9735272621340016,0.8801904606029248,0.8662753481375074,0.8685717585703429,0.6689887481662358,0.4600390306347133,0.6990744622076271,0.03535347255705287,0.8518705616602515,0.8401457083732592,0.04079252972449583,0.6703473178563444,0.6555601958051738,0.07824132907579195,0.34160796330038845,0.3762444253349851,0.04132775332742694,0.0203307024537851,0.7930712303508962,0.03860874865541631,0.001799745939532611,0.030294987486943384,0.5018218040641721,0.8137938087731141,0.656651451691514,0.5269139287496507,0.6008730744044386,0.006093106010321363,0.10240714225401804,0.07885760211562658,0.14512480247572657,0.13867889578099865,0.05491578985493187,0.020316848766172478,0.03590288272813997,0.05698936871561786,0.05265378481582973,0.5330359045803805,0.4692988358854838,0.7632281325013461,0.7483532677208582,0.6519962913409882,0.6203592625368015,0.7733119926775237,0.7044080581168939,0.2846413887036826
ema_slope_100_z,0.30557141256076564,0.5919268431555462,0.605077177989529,0.8038295408118513,0.8410695305556037,0.9610041871682046,0.9207501019972487,1.0,0.9184528009475185,0.9706467979789987,0.8444588601820069,0.9580563256530992,0.7749315869172814,0.5487117072485579,0.5861841563057577,0.05430520702359676,0.7491817356436853,0.7997947133939318,0.028074201355304234,0.6499149032942461,0.6398646322337518,0.07197888085814932,0.3543528045767949,0.22950407606170373,0.007777962682708563,0.03624775959041623,0.624206202207408,0.05509123827376838,0.009288936854417786,0.044750585781142625,0.2593275347886411,0.748382880786081,0.6409215815979044,0.49978112052259166,0.682382273180744,0.05227738736474144,0.10802714425093818,0.06547837333501097,0.14659178853065133,0.14349213679748246,0.08313226480026349,0.03579924575140418,0.05557820590956316,0.08122328039006768,0.07803800372255021,0.3732698166065703,0.3270505969801593,0.6231390126456666,0.6770955326830427,0.5690496912027411,0.609927178634247,0.714406043928146,0.6423316356063903,0.2900421944373459
dist_ema_200_z,0.5123443689445402,0.5899890379114163,0.7187328097843797,0.7374579647049729,0.8933453934270233,0.8634676320611536,0.9735272621340016,0.9184528009475185,1.0,0.9293699749427898,0.7926806937366576,0.8609095497194804,0.7601180103329044,0.6012188712460801,0.6234573090875971,0.07122339275677321,0.8791237193199779,0.7813549301890076,0.008836344909351453,0.7587812343072984,0.6730493819802942,0.07529406213944441,0.43539182259798037,0.3021113129807371,0.0056423228526066155,0.03339092581392342,0.7778677679021625,0.06838769779678747,0.03079504882678996,0.059705564143799544,0.43712640393529517,0.7458411710415789,0.6741480119495441,0.5983651743239242,0.5672756152743575,0.08254488368092067,0.06386761074786304,0.05475473953941541,0.12731410220210196,0.13541230399363233,0.06122315165489817,0.026266201417288294,0.025748720691919146,0.05045330462537687,0.05239285538340226,0.4521543959978626,0.42083933794994055,0.7419198236420573,0.7057326038556715,0.6259336007370924,0.7062439081540642,0.8004044554131267,0.7350885761928146,0.3918215662675765
ema_slope_200_z,0.24131820897833722,0.5099313552980254,0.5217994933340666,0.7142577602597511,0.7636521467323467,0.8870339098721384,0.8801904606029248,0.9706467979789987,0.9293699749427898,1.0,0.7559065714270597,0.921694836004271,0.8526674571123252,0.6799681211915866,0.5086451806756641,0.08790677859938525,0.7666520809933168,0.7272785212204739,0.021077322008769668,0.7255151879907219,0.6453170410107416,0.06989729199402901,0.4398399091895259,0.16185068105431655,0.038241923108632274,0.04693034551199324,0.6063249643351575,0.08135357625882605,0.03753316827810902,0.07408165341078138,0.2059384787327892,0.6712015593650559,0.6463066140917966,0.5657090233437833,0.6294692246500767,0.1250308463618756,0.06598105334885396,0.04082256625158392,0.12382791042370293,0.135113152543289,0.08486142929424208,0.038477263574779104,0.04323375133444365,0.07028999386157554,0.07346857326507644,0.29601517740186734,0.2789699420234508,0.5969040308341967,0.6240330892558021,0.5342031031088611,0.6840809193934896,0.7317819080419732,0.6649741174034146,0.39287682943187613
ema_spread_9_21_z,0.5762832775150972,0.8451418451799458,0.8511481612841314,0.9818722205397855,0.9270321585957616,0.9459591453595492,0.8662753481375074,0.8444588601820069,0.7926806937366576,0.7559065714270597,1.0,0.7638365506225371,0.43340669663461406,0.2569198080221858,0.8456389373908473,0.025666133270469835,0.7280638249007277,0.8667129646250051,0.043441376201381325,0.5088524196666288,0.42242633722787776,0.011110948346141486,0.24588201739269996,0.5886572561363348,0.060298718789619773,0.008142376977589325,0.7407963009743455,0.012473911470600342,0.007299945694729733,0.03313870178522217,0.49412240442924443,0.9052001434244961,0.423702933402212,0.4305419341520864,0.7049397715763834,0.2738450552189908,0.003466152917807016,0.11457423366647977,0.15962704445302048,0.14348215589544525,0.0810799939740574,0.03802916297596297,0.0749440249237132,0.08955674110907533,0.08243457928373797,0.6187847181123042,0.5226894400058469,0.7324041796722482,0.6252528830592603,0.5746594216394678,0.4027968594924394,0.6246540786319502,0.5851183675536622,0.19427586132896993
ema_spread_21_50_z,0.21013042653899824,0.4369442702482777,0.5085520863916864,0.6931067587876781,0.7793756818649971,0.9064862284760066,0.8685717585703429,0.9580563256530992,0.8609095497194804,0.921694836004271,0.7638365506225371,1.0,0.7888764069982337,0.5281710912922846,0.47528604942143704,0.04869205584206115,0.6735303061952457,0.7891802267474654,0.03702426808282529,0.6050394914405549,0.6388288529804329,0.04377477990710546,0.33930598501170656,0.06640046738325454,0.033976127976854155,0.06157627185655282,0.5138399510983473,0.0607860287554284,0.004461866831923207,0.048213049789453184,0.14974881807162152,0.7076113912047605,0.6397614913995672,0.4423027867488229,0.708077642097364,0.08395205410402842,0.14486509454216628,0.045201074442329854,0.14355011563710096,0.13111905380630262,0.07995476797228329,0.029029251433686537,0.04458498230533478,0.08129940897723446,0.07318341998281556,0.2743515952743598,0.2525109441714781,0.5282451199834355,0.6652708416931393,0.5414345082165313,0.5835900529372388,0.6481664088966392,0.5916003576918595,0.2558794559531609
ema_spread_50_100_z,0.002149019340343553,0.15642078196390855,0.21470891160148545,0.3681207017479996,0.4936762752664208,0.6184608570730997,0.6689887481662358,0.7749315869172814,0.7601180103329044,0.8526674571123252,0.43340669663461406,0.7888764069982337,1.0,0.7826702363502213,0.19279865605502564,0.09891694237111834,0.5873572539222043,0.4895515216657578,0.033708715468014995,0.659062444524893,0.6632919536303964,0.09519968797837441,0.42596531912727775,0.14742241392664776,0.09803551956879694,0.08800585973321332,0.36310830218150075,0.11316161719310042,0.021338842776765003,0.062166899134126694,0.011933089521859138,0.39960278136920224,0.6639582477203111,0.5102717861006513,0.4536339511322169,0.36919695858281426,0.10704592496122518,0.002582130425725685,0.0923225885376813,0.11429077694209712,0.0691186516380671,0.03134473246082295,0.015994125150136082,0.05274079260183547,0.05775438631448737,0.022974377011523647,0.06361224307310118,0.3469302096167105,0.47131386976633294,0.3516669439699492,0.6701124710461362,0.6062202675617678,0.5345141465170941,0.38209737913913366
ema_spread_100_200_z,0.056462707695867205,0.05824420116525502,0.08664984847440822,0.2067995963364891,0.29212006515252714,0.3952831759576561,0.4600390306347133,0.5487117072485579,0.6012188712460801,0.6799681211915866,0.2569198080221858,0.5281710912922846,0.7826702363502213,1.0,0.09351883621347515,0.1598881583557287,0.5585653982431099,0.319853891351952,0.1953303553887484,0.7328229173419101,0.4311793945196224,0.0011427406827615436,0.6222819206693614,0.1288381743481021,0.12080116127948826,0.08615062754406247,0.32240725749233556,0.11741399010027381,0.09254168926513402,0.11422213854243748,0.0531893965703058,0.24861969699355085,0.43169415308724834,0.5676937294739868,0.30957723116291275,0.3294453608204169,0.10869552041374538,0.015317720852043224,0.042317367956961206,0.0933884127990019,0.07457784231230877,0.04599562893387467,0.01589893164458542,0.03645585373559466,0.055145279426080974,0.039348319036834556,0.01825947702645552,0.2970870969542866,0.24882948836439428,0.1992458895451792,0.6799933025435354,0.5074783505088162,0.44659801645616165,0.6109291231727649
MOM_pct_14_z,0.7275745400005416,0.8442179356512867,0.8729175443362278,0.8527200100556365,0.8032615543605864,0.7074491013639965,0.6990744622076271,0.5861841563057577,0.6234573090875971,0.5086451806756641,0.8456389373908473,0.47528604942143704,0.19279865605502564,0.09351883621347515,1.0,0.06557399765277061,0.6554524763884588,0.6531201820866362,0.04419890466923778,0.40698538403741136,0.31624383958923846,0.01339518991478762,0.18962973601350963,0.7762559991552868,0.08118645424229488,0.02362418185729244,0.7770556336248451,0.015193710483078238,0.024772539319117402,0.03213161347935531,0.6057599267935724,0.749164874084516,0.3171848970704007,0.3615349687103301,0.4612154224863694,0.28568357288910945,0.032916922578567834,0.10429108700630722,0.1254208748137201,0.11279590804249366,0.06702488758745206,0.044702302956065754,0.060275470112233914,0.07380053912312637,0.07007622131259375,0.6564782867540985,0.5851063418879987,0.7133786919562811,0.4922402982642647,0.48998194591862404,0.295591995861292,0.5148926778030946,0.4879005500421601,0.1619220537290613
ADX_14_scaled,0.05723076004779349,0.06119949761508575,0.04163108462599471,0.03201087920022134,0.002290186910718204,0.013677661374597604,0.03535347255705287,0.05430520702359676,0.07122339275677321,0.08790677859938525,0.025666133270469835,0.04869205584206115,0.09891694237111834,0.1598881583557287,0.06557399765277061,1.0,0.09745225672193952,0.02323898538817124,0.6903047608837719,0.1625313128413713,0.03577582379345859,0.20733111751525507,0.16795516842768254,0.09174034497481982,0.5155940194624161,0.4763656883233866,0.012838859747730217,0.44231750306860756,0.2750865595854052,0.12511035987327748,0.0579661692502281,0.043270211603318696,0.0353150594744668,0.12118540188310761,0.01959022575779928,0.08322069967874816,0.07082112275097073,0.002383284176625532,0.19061406771375128,0.22055186581966885,0.26184808071704135,0.14015662817558028,0.002411608980267041,0.21087641553492775,0.2494660530523334,0.25332861878661644,0.3453289017646007,0.02354018510292557,0.2177370128575553,0.26518177111270086,0.07437126795742462,0.19639655682909826,0.14189017656085737,0.11591961603281267
RSI_14_bounded,0.5977699682176443,0.6222071151788509,0.7392008625471672,0.6940382738148236,0.8189932300364244,0.7327820002263594,0.8518705616602515,0.7491817356436853,0.8791237193199779,0.7666520809933168,0.7280638249007277,0.6735303061952457,0.5873572539222043,0.5585653982431099,0.6554524763884588,0.09745225672193952,1.0,0.6896792096420816,0.07340073560927343,0.909730524789204,0.5805918968403099,0.017102306961754445,0.6861554739253554,0.4263087092533005,0.022530700534058028,0.00394702386021134,0.9140040451788485,0.058840591626156194,0.06898066316058934,0.11996183201442105,0.5248533293044209,0.6975378026726532,0.582153872785051,0.6018244710770412,0.46727594909394105,0.0387674822533831,0.026842735003457928,0.055773291305401644,0.1043567939421703,0.11446517024414406,0.05159806640405941,0.024925423900450223,0.008583389226378593,0.024417232908388382,0.0285264273171693,0.510462599020391,0.5005765596195898,0.8571247174680771,0.617811288534391,0.6074521107063674,0.7874488022015648,0.7329553496181938,0.7155568892027885,0.6087082944691931
MOM_pct_30_z,0.5004478614428692,0.6215796004705597,0.7441206279633648,0.8061807689977216,0.8683048852665365,0.8610626591216773,0.8401457083732592,0.7997947133939318,0.7813549301890076,0.7272785212204739,0.8667129646250051,0.7891802267474654,0.4895515216657578,0.319853891351952,0.6531201820866362,0.02323898538817124,0.6896792096420816,1.0,0.044348926272680646,0.5191900927649421,0.4157884055613718,0.0029119763541336006,0.2703682950813025,0.34184592500775307,0.023345306942886182,0.02923037852870638,0.622614143257835,0.046305214996573855,0.019534226012137838,0.052923188916503945,0.4083489410098408,0.8518788561027714,0.4175351247636094,0.421328083519647,0.7097452401117288,0.22937832511820566,0.007033556649944674,0.0622668837210785,0.12604649989722727,0.1178758887593095,0.060808137333226785,0.023215143137122134,0.027910012211574808,0.05925841521200503,0.05822263476310326,0.48700333928538203,0.432299523749043,0.6320557919976159,0.6028669477985396,0.5748385210364239,0.42160361495025656,0.598037318906529,0.5811579658417811,0.20707348499700823
ADX_30_scaled,0.038151518965073204,0.04305452339854492,0.046642380076697666,0.04471918651378752,0.05638868595715743,0.04783069572297654,0.04079252972449583,0.028074201355304234,0.008836344909351453,0.021077322008769668,0.043441376201381325,0.03702426808282529,0.033708715468014995,0.1953303553887484,0.04419890466923778,0.6903047608837719,0.07340073560927343,0.044348926272680646,1.0,0.16892675198866067,0.04872000762102124,0.6344818590514102,0.23527181882007683,0.015463333505420401,0.3394763022617597,0.1816528074200642,0.021789563492805957,0.2764217436736196,0.319151457090298,0.16688852275578708,0.03493591998829613,0.0468658404147833,0.048668784326997394,0.1155307088501739,0.03477243922742501,0.01485252381591027,0.14451336697163952,0.07507944401207255,0.00012186133397481122,0.03936213260255208,0.10748456188472308,0.04862840288064986,0.07938810846759664,0.012347410298002454,0.07678697768027408,0.14673914847359942,0.14008331823881434,0.0028156708607555577,0.13062637915179873,0.2500132830966603,0.04026286393185548,0.17124654408504522,0.175599321609271,0.15208110046002904
RSI_30_bounded,0.3087112626541908,0.36903078373497045,0.4431138781393839,0.4679655962761444,0.5762415147547448,0.5717442816278178,0.6703473178563444,0.6499149032942461,0.7587812343072984,0.7255151879907219,0.5088524196666288,0.6050394914405549,0.659062444524893,0.7328229173419101,0.40698538403741136,0.1625313128413713,0.909730524789204,0.5191900927649421,0.16892675198866067,1.0,0.5301882565678048,0.07773132944420272,0.8909357555705225,0.18826623009751883,0.04232666325034057,0.03188694372552557,0.7201924703489592,0.07912435246144442,0.09807906128941496,0.17370529172196222,0.27774020857528253,0.49202405817070494,0.5317347781868648,0.6061644585763569,0.3834534196428242,0.18310794208443493,0.08229976690741311,0.018914424607629644,0.07253868138355249,0.09847403675669927,0.05981656407766641,0.02966642518561742,0.0018466928475511853,0.01784587411018884,0.025852473563128423,0.2608140554350596,0.30177679620345155,0.6648065263476881,0.4576686975875204,0.4497805863017534,0.8636851510012956,0.6413700972335636,0.6303524341802916,0.7935026780245467
MOM_pct_72_z,0.26090425363870756,0.28884623111054497,0.3718052155587509,0.38243979741199424,0.5503620173058371,0.5477114157292635,0.6555601958051738,0.6398646322337518,0.6730493819802942,0.6453170410107416,0.42242633722787776,0.6388288529804329,0.6632919536303964,0.4311793945196224,0.31624383958923846,0.03577582379345859,0.5805918968403099,0.4157884055613718,0.04872000762102124,0.5301882565678048,1.0,0.07999957017282465,0.2906537959424015,0.08768780298979559,0.01367256107450405,0.08014829869725108,0.47505955704093866,0.04520682133468459,0.024397928970527217,0.01059834298760418,0.23483522749261806,0.3751948505320825,0.9998560476424972,0.35967922744269926,0.2681812039013968,0.5753639206931623,0.4727988406622513,0.06761203066998954,0.10878338575863689,0.11207672285288113,0.061649237243107655,0.016039338290416913,0.044967330900387244,0.05129082246409616,0.05751369811333708,0.1896960296812824,0.17862572195810889,0.43612470515855706,0.5531410350781472,0.4274719176384355,0.5810233161494931,0.524467529481,0.4606156202979524,0.21211884865863462
ADX_72_scaled,0.013768775218083572,0.013871514118926011,0.021005746537293583,0.01616310725379563,0.045825161407849875,0.039067258634313255,0.07824132907579195,0.07197888085814932,0.07529406213944441,0.06989729199402901,0.011110948346141486,0.04377477990710546,0.09519968797837441,0.0011427406827615436,0.01339518991478762,0.20733111751525507,0.017102306961754445,0.0029119763541336006,0.6344818590514102,0.07773132944420272,0.07999957017282465,1.0,0.19679052035470784,0.016133401369457494,0.08028365130927648,0.0019783079244686664,0.00022440255287000662,0.059226014711294205,0.12073144533180154,0.20281884691576957,0.013205877164117096,0.00853167531796859,0.08044773303964549,0.04249889742208147,0.005964796320090154,0.027538143277109173,0.04088835574122465,0.05203632869198095,0.07559126661761809,0.06302071985860329,0.005599570113169784,0.009979882647756405,0.054720698960077106,0.06890296158469045,0.04538680117064165,0.020958898240017853,0.024897459991096677,0.016360482007638545,0.00408937355876093,0.056882766316445586,0.015211622014831627,0.0014966166332105438,0.10261996874807146,0.07552087960076978
RSI_72_bounded,0.11228099799122157,0.15917632814155236,0.1860705408582579,0.21886884926831435,0.2698985203561934,0.2898462344230837,0.34160796330038845,0.3543528045767949,0.43539182259798037,0.4398399091895259,0.24588201739269996,0.33930598501170656,0.42596531912727775,0.6222819206693614,0.18962973601350963,0.16795516842768254,0.6861554739253554,0.2703682950813025,0.23527181882007683,0.8909357555705225,0.2906537959424015,0.19679052035470784,1.0,0.07231396337452745,0.05383394645183742,0.021974150210412782,0.49055927823013673,0.04620414579098508,0.09716754072573328,0.21203088726576422,0.11307038158230648,0.2471697075398342,0.29255545271975053,0.4328536860120654,0.20811215971978478,0.17049303897596974,0.16245831924058202,0.0020838042253810483,0.028918266283632067,0.04809376094504647,0.04056436440833207,0.021634364938241446,0.007523801711848598,0.0027524664473024293,0.0007228791592366243,0.07965076655369395,0.13618689509271883,0.4346895549056831,0.19569274082491286,0.21481689525700065,0.7182480033959087,0.35813013222333573,0.3742450839968448,0.8780945525218403
MACD_hist_pct_z,0.7666361249253251,0.8690305446996885,0.7561339052699506,0.6640741069051602,0.5257086243209717,0.38054492872954293,0.3762444253349851,0.22950407606170373,0.3021113129807371,0.16185068105431655,0.5886572561363348,0.06640046738325454,0.14742241392664776,0.1288381743481021,0.7762559991552868,0.09174034497481982,0.4263087092533005,0.34184592500775307,0.015463333505420401,0.18826623009751883,0.08768780298979559,0.016133401369457494,0.07231396337452745,1.0,0.10854104202828349,0.043078501849589626,0.6407099105304488,0.007143905487610792,0.04079623309272898,0.009145236810861926,0.7515836934059295,0.4949129104275602,0.08801075209474683,0.20472074398593465,0.09697503503235425,0.33937161387280257,0.09496417795374737,0.11171772029251913,0.08899355426766059,0.08175455523585864,0.04339835279178738,0.03534478896562469,0.05573783790736402,0.05310154070616015,0.05208092746341173,0.6158573335227463,0.5517462134338846,0.550230650826892,0.24064579871179026,0.2870814575871036,0.07341696302532179,0.28316632575960954,0.27621676070113693,0.07686531858582468
NATR_14_z,0.13525810770885818,0.1001577335375211,0.12181956458866813,0.07123676301339678,0.08118203392290661,0.028615765621019962,0.04132775332742694,0.007777962682708563,0.0056423228526066155,0.038241923108632274,0.060298718789619773,0.033976127976854155,0.09803551956879694,0.12080116127948826,0.08118645424229488,0.5155940194624161,0.022530700534058028,0.023345306942886182,0.3394763022617597,0.04232666325034057,0.01367256107450405,0.08028365130927648,0.05383394645183742,0.10854104202828349,1.0,0.6680445494150147,0.06234564601781864,0.8130656978371908,0.4976040779073536,0.3509145089914199,0.11444150888359336,0.041681478963637886,0.012468226379142019,0.0538688338690154,0.031779344081434034,0.06186668587258125,0.06012499429305177,0.08401348577191063,0.3576992851568885,0.4254656234253251,0.5110341184592021,0.2886184788600497,0.1056540539151197,0.40013938396926096,0.472720763722661,0.49466742540994535,0.34140913459988154,0.03509794230556426,0.2716975951888588,0.2878075165283183,0.12155492681885754,0.10986642160919143,0.2617337257714931,0.08880190486274427
bb_width_20_sqrt_z,0.03573017252191937,0.031732458839271865,0.036646023642377915,0.020154613111957494,0.0023739731784026405,0.0178131335505047,0.0203307024537851,0.03624775959041623,0.03339092581392342,0.04693034551199324,0.008142376977589325,0.06157627185655282,0.08800585973321332,0.08615062754406247,0.02362418185729244,0.4763656883233866,0.00394702386021134,0.02923037852870638,0.1816528074200642,0.03188694372552557,0.08014829869725108,0.0019783079244686664,0.021974150210412782,0.043078501849589626,0.6680445494150147,1.0,0.003382958657357082,0.6612997603174764,0.26827483388632434,0.22934150005629295,0.01294850706142642,0.01271471595054081,0.07864130237702635,0.07193663796032058,0.02662208002737285,0.0693128366498018,0.04255935003233801,0.10073962031594764,0.3373348724220287,0.3583103192564495,0.3687906328047922,0.20213111947775367,0.08770438205597593,0.3412722498725289,0.359096462574636,0.429576075751708,0.4492954812752071,0.01892947050675491,0.11851459397427176,0.23059802040615923,0.08359745274404566,0.036414151563017465,0.19720591258781267,0.037936463039747015
bb_pos_20_norm,0.7807724948681078,0.7506605674702579,0.8552352316254315,0.7330892754910646,0.8272365440302362,0.6678629215573633,0.7930712303508962,0.624206202207408,0.7778677679021625,0.6063249643351575,0.7407963009743455,0.5138399510983473,0.36310830218150075,0.32240725749233556,0.7770556336248451,0.012838859747730217,0.9140040451788485,0.622614143257835,0.021789563492805957,0.7201924703489592,0.47505955704093866,0.00022440255287000662,0.49055927823013673,0.6407099105304488,0.06234564601781864,0.003382958657357082,1.0,0.048030595065315075,0.06378361343396059,0.08866076735805622,0.694130842460793,0.6819511918579657,0.47631420646566736,0.5040683196828997,0.3519247793943496,0.07411333278636302,0.024914187608739723,0.07155151193339684,0.10598629208158435,0.10660667110614676,0.03613277644636708,0.01775307261664874,0.002366515625282294,0.020932467276156132,0.022019157907038525,0.6264510578720993,0.6283613072611969,0.8959935341096122,0.579740203174084,0.616523268158783,0.6081613280795518,0.6571435722245408,0.6568097515649645,0.4471824614565074
volatility_24_sqrt_z,0.011171406196418718,0.001808660712994961,0.009975979609009363,0.006320326391268536,0.008822486463271259,0.027436345114476075,0.03860874865541631,0.05509123827376838,0.06838769779678747,0.08135357625882605,0.012473911470600342,0.0607860287554284,0.11316161719310042,0.11741399010027381,0.015193710483078238,0.44231750306860756,0.058840591626156194,0.046305214996573855,0.2764217436736196,0.07912435246144442,0.04520682133468459,0.059226014711294205,0.04620414579098508,0.007143905487610792,0.8130656978371908,0.6612997603174764,0.048030595065315075,1.0,0.4380739693458999,0.31173503280454956,0.0011542348793613163,0.022672906428991047,0.043865652856858034,0.12985699448489715,0.04039246463968782,0.028600491498595865,0.10619629195027387,0.021479279614692703,0.2872890510487124,0.33590977063828664,0.3819932144471508,0.24037356557319373,0.02929809124434755,0.2994866325313707,0.3530126329049331,0.4257435473656278,0.46000495499949307,0.049730655888659187,0.18911536228110604,0.3127485861404046,0.14497092780561335,0.02271712828708973,0.290467107979722,0.08118109363940199
volatility_72_sqrt_z,0.009775470862325289,0.01792130067091177,0.0005332174519980413,0.008907260920423873,0.00967187147665243,0.0012067809737480403,0.001799745939532611,0.009288936854417786,0.03079504882678996,0.03753316827810902,0.007299945694729733,0.004461866831923207,0.021338842776765003,0.09254168926513402,0.024772539319117402,0.2750865595854052,0.06898066316058934,0.019534226012137838,0.319151457090298,0.09807906128941496,0.024397928970527217,0.12073144533180154,0.09716754072573328,0.04079623309272898,0.4976040779073536,0.26827483388632434,0.06378361343396059,0.4380739693458999,1.0,0.3857895768759424,0.01781247895237161,0.022472692118012973,0.023979216575684987,0.04611218884024787,0.027135472598182376,0.015590834687765048,0.010560702038958201,0.049468898744544854,0.02834073143681225,0.11184317903774241,0.18842651469992847,0.1268548994635206,0.046001761961164574,0.013574514945726751,0.13889790840467525,0.19669561101742875,0.20645425391968852,0.059453504448286516,0.3152195955716709,0.358587196779888,0.1360355293849496,0.09739245662811424,0.2947087910951653,0.14141994286757983
volatility_168_sqrt_z,0.0053149108885265604,0.019223520342531282,0.01080612983596997,0.03205580827999353,0.021228692041660606,0.03635121118948629,0.030294987486943384,0.044750585781142625,0.059705564143799544,0.07408165341078138,0.03313870178522217,0.048213049789453184,0.062166899134126694,0.11422213854243748,0.03213161347935531,0.12511035987327748,0.11996183201442105,0.052923188916503945,0.16688852275578708,0.17370529172196222,0.01059834298760418,0.20281884691576957,0.21203088726576422,0.009145236810861926,0.3509145089914199,0.22934150005629295,0.08866076735805622,0.31173503280454956,0.3857895768759424,1.0,0.00542491132929975,0.040737388397172045,0.010533307669003284,0.1222164717810259,0.04927775053594187,0.02003805941899159,0.10031911287047209,0.05417050852025188,0.00897547454342325,0.00608705689290314,0.1371274801901826,0.08845954312380219,0.038428217065871406,0.029365058296853055,0.03288332308672025,0.1685949772033163,0.18757788809615025,0.07053873472843562,0.10920034161298575,0.16234937787408424,0.15982478252952662,0.1263196683519906,0.2704582908302151,0.28247284215599516
log_ret_6_z,0.8851110869379938,0.7192434613167145,0.7892617934187304,0.5254272866400862,0.6104475372673771,0.35289134607350264,0.5018218040641721,0.2593275347886411,0.43712640393529517,0.2059384787327892,0.49412240442924443,0.14974881807162152,0.011933089521859138,0.0531893965703058,0.6057599267935724,0.0579661692502281,0.5248533293044209,0.4083489410098408,0.03493591998829613,0.27774020857528253,0.23483522749261806,0.013205877164117096,0.11307038158230648,0.7515836934059295,0.11444150888359336,0.01294850706142642,0.694130842460793,0.0011542348793613163,0.01781247895237161,0.00542491132929975,1.0,0.47729011011311073,0.23537378523056363,0.2562148136557118,0.03606309103556024,0.1775304422307302,0.017710182414868315,0.10169723329040556,0.09067580360961529,0.08167522795561091,0.012996973293616737,0.016579164972209338,0.022779520655016434,0.023354044675565695,0.019742419269242414,0.5849774105514851,0.5347877504702171,0.5979724456819161,0.39182907935414496,0.4111279315600623,0.21572047010335285,0.3873357428737368,0.38245844486607383,0.1098381976724688
log_ret_24_z,0.5841525811215663,0.7090665893403376,0.8164328869085916,0.8583901139358571,0.8755753433290375,0.8387475839960337,0.8137938087731141,0.748382880786081,0.7458411710415789,0.6712015593650559,0.9052001434244961,0.7076113912047605,0.39960278136920224,0.24861969699355085,0.749164874084516,0.043270211603318696,0.6975378026726532,0.8518788561027714,0.0468658404147833,0.49202405817070494,0.3751948505320825,0.00853167531796859,0.2471697075398342,0.4949129104275602,0.041681478963637886,0.01271471595054081,0.6819511918579657,0.022672906428991047,0.022472692118012973,0.040737388397172045,0.47729011011311073,1.0,0.3767992113920708,0.42551996563504435,0.8174926595511159,0.3882200982353661,0.04111683692366196,0.08643444812130321,0.1327155302235801,0.12235768664001925,0.06697878031035424,0.03363125009551961,0.050639274368155435,0.06950974482770854,0.0665303900000216,0.6051163960724091,0.5178146332743798,0.7213500418698663,0.5671902099243118,0.5460379933119404,0.3778572336231334,0.5870058069135651,0.5641021203808847,0.1956793797823528
log_ret_72_z,0.261634893382494,0.2898208724778646,0.3728910901444979,0.3836663465449834,0.5514705774064503,0.5488152048100524,0.656651451691514,0.6409215815979044,0.6741480119495441,0.6463066140917966,0.423702933402212,0.6397614913995672,0.6639582477203111,0.43169415308724834,0.3171848970704007,0.0353150594744668,0.582153872785051,0.4175351247636094,0.048668784326997394,0.5317347781868648,0.9998560476424972,0.08044773303964549,0.29255545271975053,0.08801075209474683,0.012468226379142019,0.07864130237702635,0.47631420646566736,0.043865652856858034,0.023979216575684987,0.010533307669003284,0.23537378523056363,0.3767992113920708,1.0,0.35922555876326034,0.26970675564408153,0.5748988240739925,0.472534675509042,0.0675685568338591,0.1082807232747471,0.11159353172943463,0.0614207179699861,0.015687846763086204,0.04492676855770415,0.05071201389583711,0.056983301556305904,0.19160900106206916,0.17835239126020408,0.43753371935612295,0.5529897070989425,0.4277468709133707,0.581569409220488,0.524932309262671,0.46014688507741025,0.21264766885166356
log_ret_168_z,0.2920813495009797,0.33001031265596426,0.3935027807532698,0.40158650151036834,0.4667673179142379,0.44948112113146754,0.5269139287496507,0.49978112052259166,0.5983651743239242,0.5657090233437833,0.4305419341520864,0.4423027867488229,0.5102717861006513,0.5676937294739868,0.3615349687103301,0.12118540188310761,0.6018244710770412,0.421328083519647,0.1155307088501739,0.6061644585763569,0.35967922744269926,0.04249889742208147,0.4328536860120654,0.20472074398593465,0.0538688338690154,0.07193663796032058,0.5040683196828997,0.12985699448489715,0.04611218884024787,0.1222164717810259,0.2562148136557118,0.42551996563504435,0.35922555876326034,1.0,0.32560486063939326,0.04952025853445018,0.4853135357044505,0.04486707284164138,0.1088463774761177,0.1369984992846506,0.07879067486178284,0.04908606710675478,0.02543354154512432,0.058900907681030436,0.06515942524806999,0.21574034899728417,0.2805867466316737,0.4570334204270017,0.36673080721964707,0.30410406933074907,0.5320801050682182,0.5788676260472516,0.5060368318180886,0.49806772315809966
ret_accel_6_24_z,0.13345908808375326,0.3602760837660454,0.4351791054779347,0.6361875992232553,0.6019017277437269,0.7241843251797343,0.6008730744044386,0.682382273180744,0.5672756152743575,0.6294692246500767,0.7049397715763834,0.708077642097364,0.4536339511322169,0.30957723116291275,0.4612154224863694,0.01959022575779928,0.46727594909394105,0.7097452401117288,0.03477243922742501,0.3834534196428242,0.2681812039013968,0.005964796320090154,0.20811215971978478,0.09697503503235425,0.031779344081434034,0.02662208002737285,0.3519247793943496,0.04039246463968782,0.027135472598182376,0.04927775053594187,0.03606309103556024,0.8174926595511159,0.26970675564408153,0.32560486063939326,1.0,0.3510533805089301,0.05189844518237485,0.03318861601153224,0.09627678339244612,0.09537970211121206,0.06831841343161435,0.027203457170126833,0.036041158091805685,0.062219900632928864,0.06412786397839589,0.31688967787097555,0.27867866709428585,0.46323399213977673,0.385246251510376,0.3898612230537063,0.29554869863417443,0.41124375570182364,0.41318452252244975,0.15777916865304567
ret_accel_24_72_z,0.23781330926593192,0.28921873460552905,0.2884516050257469,0.287389737471897,0.14244615258645604,0.10291354586342642,0.006093106010321363,0.05227738736474144,0.08254488368092067,0.1250308463618756,0.2738450552189908,0.08395205410402842,0.36919695858281426,0.3294453608204169,0.28568357288910945,0.08322069967874816,0.0387674822533831,0.22937832511820566,0.01485252381591027,0.18310794208443493,0.5753639206931623,0.027538143277109173,0.17049303897596974,0.33937161387280257,0.06186668587258125,0.0693128366498018,0.07411333278636302,0.028600491498595865,0.015590834687765048,0.02003805941899159,0.1775304422307302,0.3882200982353661,0.5748988240739925,0.04952025853445018,0.3510533805089301,1.0,0.4419848972658953,0.024604494154138238,0.01702733763377859,0.004157186129519006,0.004830449865901836,0.009664486902467373,0.015732544948137705,0.012134598855599735,0.005211796713702104,0.31992789579903713,0.23744584167993596,0.14297194407769695,0.028355992138205006,0.03746646722321891,0.29261344798924305,0.03969578227650614,0.024243470182800958,0.11553884101229263
