,dist_ema_9_z,ema_slope_9_z,dist_ema_21_z,ema_slope_21_z,dist_ema_50_z,ema_slope_50_z,dist_ema_100_z,ema_slope_100_z,dist_ema_200_z,ema_slope_200_z,ema_spread_9_21_z,ema_spread_21_50_z,ema_spread_50_100_z,ema_spread_100_200_z,MOM_pct_14_z,ADX_14_scaled,RSI_14_bounded,MOM_pct_30_z,ADX_30_scaled,RSI_30_bounded,MOM_pct_72_z,ADX_72_scaled,RSI_72_bounded,MACD_hist_pct_z,NATR_14_z,bb_width_20_sqrt_z,bb_pos_20_norm,volatility_24_sqrt_z,volatility_72_sqrt_z,volatility_168_sqrt_z,log_ret_6_z,log_ret_24_z,log_ret_72_z,log_ret_168_z,ret_accel_6_24_z,ret_accel_24_72_z,ret_accel_72_168_z,vol_ratio_24_log1p_z,vol_ratio_72_log1p_z,vol_ratio_168_log1p_z,range_sqrt_z,body_sqrt_z,vol_expansion_24_log1p_z,vol_expansion_72_log1p_z,vol_expansion_168_log1p_z,dist_to_high_24_sqrt_z,dist_to_low_24_sqrt_z,price_pos_in_range_24_norm,dist_to_high_72_sqrt_z,dist_to_low_72_sqrt_z,price_pos_in_range_72_norm,dist_to_high_168_sqrt_z,dist_to_low_168_sqrt_z,price_pos_in_range_168_norm
dist_ema_9_z,1.0,0.740146526257636,0.8965446474302263,0.6096036229290749,0.6840888723398263,0.45042012513282964,0.5216367192616871,0.33067206766233875,0.39427817046661207,0.2344372574499175,0.6010875432519214,0.2860035156195727,0.07668734169344532,0.04818004792566002,0.7460074324958146,0.039766900915437074,0.7183305595500843,0.5424685715217219,0.011058492086679217,0.4733962432067296,0.3185283943499132,0.01103436731087733,0.19783843689096914,0.7128316847710711,0.06356604350085289,0.03964562779739645,0.8392846588227268,0.017958043169437592,0.027516407249678788,0.0389094072389794,0.8847719135002863,0.6085661297669587,0.318786285696392,0.1579591053964973,0.2226938312209834,0.06116865804594896,0.14440664416459426,0.005399439021436579,0.01664971518013525,0.008119802755324156,0.019341639932955245,0.02324318959335609,0.022281710560692447,0.011803929846173348,0.02645546507387673,0.6993046744238806,0.6638499077883057,0.7442685125366135,0.5139963333010819,0.4809873091682818,0.43032725979761133,0.3260238496724298,0.3441859017903943,0.1742379978227339
ema_slope_9_z,0.740146526257636,1.0,0.8691125206359779,0.9001659568085085,0.7504995584928842,0.6886084680619792,0.5959292134004983,0.5211990776115073,0.4604745131955882,0.38980574549426933,0.8308368784539071,0.44484700923563625,0.1572207301392452,0.011875717922718897,0.854727524926208,0.041026372603903016,0.7288716225876353,0.6528240774101808,0.011350340011228385,0.5270810117361163,0.3814965429596277,0.009704274759865591,0.23622267391869678,0.7868233182859938,0.058277988092471325,0.037554596525029814,0.7759239560187693,0.02409289662529562,0.03139179626798685,0.04303421392133327,0.7030600412822536,0.7244178868453133,0.3819813751443156,0.19943664072724263,0.4327355034185752,0.06303661675534811,0.160927456245899,0.02401734529981894,0.030866865487875372,0.019564337451397372,0.010507850945277356,0.020047558043372462,0.011609074281394932,0.0029745287907531333,0.0204906014271335,0.6847749406856609,0.6550543479892026,0.7321835472465834,0.5545406527639813,0.5183665695278319,0.46456276271818286,0.3643173060589451,0.3849469859872144,0.19110126206766784
dist_ema_21_z,0.8965446474302263,0.8691125206359779,1.0,0.8694992568467121,0.8998781462974156,0.7480824398208185,0.7417660067192567,0.6029675214106289,0.5913496188123241,0.4705678475448773,0.874388674306955,0.5703618818508154,0.26731522077054143,0.060132290453192946,0.8743902579740056,0.052638920029740986,0.8534699441925977,0.7952227390993354,0.02097420953537735,0.6511476173795581,0.5081145147171957,0.004888443062462072,0.32024291913527253,0.6361198560329606,0.06346124625079087,0.047193713964759444,0.8589769710701118,0.017447352211061896,0.03534061166248844,0.05381325737904267,0.7552834425060975,0.8431929281576143,0.5085486954065019,0.2846628540599592,0.5280368226536152,0.006352529986581024,0.19286621006422894,0.02104741260329406,0.031028020502883405,0.01949039183747532,0.019165931248404156,0.030149699949034978,0.01851909030606108,0.011991178894788644,0.031503324132129015,0.7689618730318781,0.7315019869327685,0.8370591000764062,0.678623331470242,0.6338764358849472,0.5903660512672152,0.47213915924555777,0.48701352165839956,0.2696118195185587
ema_slope_21_z,0.6096036229290749,0.9001659568085085,0.8694992568467121,1.0,0.8925362040867936,0.9017300165671516,0.7701683717414658,0.7416876033308143,0.6265167610358882,0.5897990164273925,0.9835558791865614,0.7071082268862794,0.3572850105827541,0.11453219268778365,0.8433513333854055,0.05407007637496754,0.7828145930124975,0.8490630641867714,0.022449092860285007,0.6542580187575168,0.5555981596613571,0.007441572312873654,0.33814789952623814,0.5266453086157403,0.052559237125038474,0.04314775201020656,0.702068792208785,0.019007412144417136,0.033964766893543295,0.057196392345990096,0.5067525774146037,0.8819727698061941,0.5561329310105372,0.31669955850731396,0.7067039853757833,0.03962221571427304,0.2053772694812617,0.029703240740177328,0.03634112757403455,0.024343901503132134,0.01622754250863606,0.027846855573123913,0.010913300798929394,0.008235243478699035,0.02955854447682054,0.6768543017489472,0.6476790061417208,0.7414475025851607,0.6771868090284049,0.6356165671416755,0.592262216121225,0.48652347516417815,0.5043999539393021,0.27409064335997835
dist_ema_50_z,0.6840888723398263,0.7504995584928842,0.8998781462974156,0.8925362040867936,1.0,0.9386267068414679,0.939309925721161,0.8618571021763632,0.8095310853692101,0.7340330806963962,0.9344349376547524,0.852817614818757,0.571079972527372,0.3021967976374497,0.7652586222051432,0.06781422031649101,0.8434392763439728,0.8937460273926463,0.030582879284420758,0.7740771562374233,0.7596739543187235,0.02488668532695261,0.4565805713161941,0.3401811409280576,0.06335767073530313,0.039381970214489755,0.7148493848117531,0.0074407016110979735,0.05893641363268466,0.054906359512333414,0.5494877118095577,0.874491265234455,0.7600946903979631,0.47167922370803317,0.66660124130418,0.2731468070522993,0.21950228319072546,0.02433830380923482,0.03791390612324367,0.02396080510668567,0.03122387909808225,0.03901682506056162,0.015019202445612225,0.012498641455096226,0.044321303975270655,0.6705204054159672,0.6237555014296385,0.7468691451894381,0.7999303469377999,0.7330406587560278,0.7298090190618397,0.6483927400255521,0.6420800018015989,0.39278807075942174
ema_slope_50_z,0.45042012513282964,0.6886084680619792,0.7480824398208185,0.9017300165671516,0.9386267068414679,1.0,0.9247809060520606,0.9378771644269777,0.8139729283621239,0.8070081124030287,0.9369637885811478,0.9356475843051596,0.6469576948522464,0.35829266016832273,0.672564005421241,0.06971788794415198,0.7413180926840762,0.8793110997384322,0.03442417068880689,0.741459996872377,0.7855845404489392,0.027702041599809605,0.45821185417790433,0.20167998667717763,0.051298544740046866,0.03289183886040335,0.5491023458070378,0.011461503068090396,0.056896075043877205,0.053588070690249456,0.34008292573837273,0.8402985056590987,0.7860194060028436,0.49004733673450585,0.7580834615941409,0.3257396906807631,0.22167079824951622,0.02788805678315387,0.04031673249647994,0.026991555026943493,0.029395266899749403,0.03793396420980244,0.008649132865583704,0.008813623611954596,0.04175100970566637,0.5519558836076885,0.5142670168438067,0.6226732536204633,0.7668214008113632,0.7048782699737943,0.7064241993428783,0.6435544724620264,0.6379030245671841,0.3887058175619643
dist_ema_100_z,0.5216367192616871,0.5959292134004983,0.7417660067192567,0.7701683717414658,0.939309925721161,0.9247809060520606,1.0,0.9631594116610088,0.9481230732678165,0.902360393641786,0.8233259463538969,0.9266859152491648,0.7969100504219545,0.551904144847318,0.6138877521853477,0.06285602999319133,0.774344748229287,0.8068015938842664,0.031481931273528455,0.80769152946434,0.8692654671270151,0.03388261152933991,0.5569983228797954,0.15875834662144758,0.06710272464581807,0.018249009373758403,0.5950096620645889,0.035094223445942145,0.08844895290017803,0.01835185736280964,0.4080821369911677,0.7595277694773132,0.8695685675532758,0.6588634584163812,0.6177712107224801,0.46861222374080075,0.09423517947166281,0.020065814532383777,0.03232176430340665,0.022091328626128195,0.03716662158022789,0.037785089965538435,0.009318178423520949,0.004921033731336203,0.04229152286724823,0.5460091144551142,0.48732414897125576,0.6347734633969926,0.7913301693401968,0.6987443873699979,0.768385618143738,0.7827575398744196,0.732005174955226,0.5056996002900684
ema_slope_100_z,0.33067206766233875,0.5211990776115073,0.6029675214106289,0.7416876033308143,0.8618571021763632,0.9378771644269777,0.9631594116610088,1.0,0.9355358291790787,0.9473812922124413,0.7895043413425824,0.9673721568020206,0.8550290804432071,0.6018339462749159,0.5182991018755618,0.06233721177968344,0.6740237792852383,0.7653840004889801,0.033051758815131914,0.7627337817300186,0.8733666654990081,0.034923319612073865,0.5504165339291156,0.038449871005246446,0.05781059325668705,0.012049624671907587,0.4508429512160314,0.041929499989195186,0.08903685280498552,0.010999776838907788,0.23554138368532257,0.7025409089690643,0.8736463624975845,0.6708977145082299,0.663250875689007,0.5125054854676147,0.08194453935288933,0.02228622360299496,0.03334148476516375,0.023733543941262248,0.03481821652161058,0.035621969362095614,0.002952260233981228,0.00043577335844646747,0.03821680574895731,0.43638991825414275,0.38370477423053556,0.5199233136862185,0.743621411209039,0.6536867004717005,0.7318326149269488,0.7700773822304788,0.7148067793009673,0.4985039426559506
dist_ema_200_z,0.39427817046661207,0.4604745131955882,0.5913496188123241,0.6265167610358882,0.8095310853692101,0.8139729283621239,0.9481230732678165,0.9355358291790787,1.0,0.9754316637026081,0.6782838045856633,0.860005726017814,0.8952275146425405,0.7506115296169982,0.48050271978097403,0.05500589960761279,0.7139230549695043,0.6749669331572918,0.03822034209685847,0.8106709382584207,0.8323076519363318,0.04188430419972912,0.6425697999595795,0.06453319284938025,0.07992809730599025,0.0010783483060700946,0.5200422253040183,0.058562913785998615,0.1326187037364023,0.04026890947226903,0.30212557310808524,0.6245438006062167,0.8326095843631105,0.7938490001594747,0.5227293087248073,0.5167201530859835,0.09769932189845777,0.013693407075636417,0.022054844086940553,0.013218869569005344,0.040166358711945176,0.03188212391871168,0.004411397316757786,0.003518004523617774,0.03302411603053165,0.4431548289324106,0.3765846176172611,0.558108765600073,0.7127536022285412,0.5912463259540842,0.7628611430480536,0.8407786564867962,0.7423078168991564,0.6124697227280891
ema_slope_200_z,0.2344372574499175,0.38980574549426933,0.4705678475448773,0.5897990164273925,0.7340330806963962,0.8070081124030287,0.902360393641786,0.9473812922124413,0.9754316637026081,1.0,0.6369467309247049,0.8753395812838962,0.9338508267309883,0.7907691213599107,0.39385213348461967,0.05519630219639485,0.6231777360294087,0.6287024158217304,0.04052845751996224,0.7636193551209177,0.8216113647034795,0.04323200040508257,0.6315031345168489,0.03735542112008453,0.0710517690443752,0.00506593234671012,0.3968204241317656,0.06228686387290486,0.13368340435708573,0.04900188891138672,0.15687764483663832,0.5660793553851948,0.8218969177612644,0.7980942584516806,0.5468748047747389,0.5470815590793408,0.11344162750541104,0.015479189543312661,0.022765538406778314,0.014692565334059361,0.03728914148238838,0.029212053006110267,0.0012986090448563374,0.007935572100035829,0.028505169410402875,0.3463270062588327,0.2859314430529724,0.45753955285446085,0.6608353381840522,0.5423731373159456,0.72212158346707,0.8192644868885226,0.7171523691685419,0.6031425056072659
ema_spread_9_21_z,0.6010875432519214,0.8308368784539071,0.874388674306955,0.9835558791865614,0.9344349376547524,0.9369637885811478,0.8233259463538969,0.7895043413425824,0.6782838045856633,0.6369467309247049,1.0,0.7766549820782944,0.416797801209934,0.15667444732468563,0.8240286892780168,0.06238059560518306,0.8005756521166564,0.9026243523336551,0.027489388490557258,0.6929160748407044,0.6093421096281183,0.009870713277640487,0.37104063628538925,0.4362210401932956,0.0514744694928835,0.04661901737649194,0.6865103277986004,0.0173376700846732,0.03606811551163033,0.06070439195234583,0.47314452112424593,0.9201761923863772,0.6098554134058229,0.3529549951724783,0.7652162863016783,0.07718435314782805,0.21634784036342272,0.030333817397831333,0.03842242502138772,0.026540561483288733,0.017508935515934226,0.030398554888556435,0.011218492882427593,0.009506292588981329,0.03144547837583806,0.6734877337908382,0.645711906576174,0.7437342847497614,0.7156888060203518,0.6725856031140307,0.6334470043151191,0.5261026785772008,0.5429471958960024,0.30375084293328586
ema_spread_21_50_z,0.2860035156195727,0.44484700923563625,0.5703618818508154,0.7071082268862794,0.852817614818757,0.9356475843051596,0.9266859152491648,0.9673721568020206,0.860005726017814,0.8753395812838962,0.7766549820782944,1.0,0.8070186286656048,0.5049158079346109,0.4623201195287126,0.07511281023552274,0.6178481760651053,0.793792470195777,0.039558372866599675,0.7127014946748063,0.8759242651537498,0.03215423122992071,0.4923887781945495,0.07091054217327059,0.05105019790629398,0.018355143632948354,0.3700963299706311,0.04120677846215811,0.07228834008725767,0.03776841882174545,0.18112813259962882,0.7030349336473004,0.8760756476755941,0.5616870569700627,0.7026217031768276,0.5179545702074129,0.21518634999300587,0.020463342704738294,0.03506233937272728,0.02426128499001058,0.03771317019194667,0.04213065756029204,0.006805793639976985,0.009957619818219186,0.04645838351828101,0.39480837919810235,0.34800801092053424,0.45855057328640864,0.7440078907990857,0.6729671394049062,0.7066726922910704,0.6901974830980989,0.6625490859027554,0.42582998332243077
ema_spread_50_100_z,0.07668734169344532,0.1572207301392452,0.26731522077054143,0.3572850105827541,0.571079972527372,0.6469576948522464,0.7969100504219545,0.8550290804432071,0.8952275146425405,0.9338508267309883,0.416797801209934,0.8070186286656048,1.0,0.8454765150347359,0.1741919497280357,0.04413481201432806,0.4305371295039005,0.4481830299275049,0.01598709562550597,0.628882961822639,0.8238669323800274,0.031352149482106066,0.5683784597664459,0.2490658391691807,0.055912341875760566,0.01273115441368718,0.20372314968631786,0.0731510009801337,0.128672030482545,0.06522415834043623,0.021389784636223014,0.35780361002655764,0.8239194050654869,0.7918556903328225,0.3903978500165093,0.7115123625380979,0.10551701888096705,0.013433302683584883,0.01868880041681606,0.014725164862559413,0.03446443862027927,0.0204628543732981,0.010841725699237895,0.01425600528056759,0.02380634971208015,0.1824410427343963,0.11025602009587136,0.26331750940863297,0.5628878967988399,0.4384305035323552,0.6193527343748059,0.7894981089585533,0.6610065026596348,0.5543257191235874
ema_spread_100_200_z,0.04818004792566002,0.011875717922718897,0.060132290453192946,0.11453219268778365,0.3021967976374497,0.35829266016832273,0.551904144847318,0.6018339462749159,0.7506115296169982,0.7907691213599107,0.15667444732468563,0.5049158079346109,0.8454765150347359,1.0,0.007076193395127327,0.05211016559741281,0.31776822542996974,0.1819925756948214,0.03647338111061242,0.5353364417933228,0.5588362599287104,0.028226899022290045,0.5996865298314588,0.2476922301343095,0.052142782414288324,0.02213208362219411,0.13888656848714767,0.05938373566722484,0.17005640775858824,0.1451507804151857,0.0664767658939315,0.12099632058741987,0.5595173197666649,0.8069825218508102,0.15261895659573707,0.5712579075714237,0.4070182282797058,0.00044088275257793646,0.0022372510092211577,0.005664037613472289,0.021448951377536368,0.0002448738145860781,0.01584717181234996,0.036432076257593725,0.006415458141646726,0.038697131752078916,6.134985140899571e-05,0.16855257606309793,0.34074039220321156,0.20249518930135563,0.49531025220929836,0.6753181962694017,0.5015268024267198,0.6175604095847473
MOM_pct_14_z,0.7460074324958146,0.854727524926208,0.8743902579740056,0.8433513333854055,0.7652586222051432,0.672564005421241,0.6138877521853477,0.5182991018755618,0.48050271978097403,0.39385213348461967,0.8240286892780168,0.4623201195287126,0.1741919497280357,0.007076193395127327,1.0,0.04725932183386901,0.738557425677562,0.668478543780314,0.01307205462115976,0.5424826412765074,0.39516693123434204,0.010000987475594329,0.2512463756453045,0.713855682873217,0.061519336504181794,0.03446358804953146,0.78993286623042,0.016867507233134415,0.03486619731850455,0.04783690330100799,0.5967720830896559,0.7373112908884624,0.395726760600937,0.22061993932047666,0.49496106859050437,0.058640199713511025,0.14459881947879563,0.02728311827770634,0.0316894506678081,0.021493019235852413,0.006842575066917559,0.012043661241075244,0.006300730238659172,0.00044753774342850004,0.01729166097166392,0.6897106506573673,0.6596265545905564,0.741147751378031,0.5590438218385926,0.5232448767729134,0.4739293098118506,0.37618376873064396,0.40144640232888423,0.20623811163716949
ADX_14_scaled,0.039766900915437074,0.041026372603903016,0.052638920029740986,0.05407007637496754,0.06781422031649101,0.06971788794415198,0.06285602999319133,0.06233721177968344,0.05500589960761279,0.05519630219639485,0.06238059560518306,0.07511281023552274,0.04413481201432806,0.05211016559741281,0.04725932183386901,1.0,0.0778793169029469,0.08157933299772245,0.6459707146184496,0.07751252389711769,0.07600705195003266,0.18847745554083634,0.08275963546389462,0.002466336591254724,0.378411293991197,0.51180227110171,0.0663512790155611,0.3835041890547915,0.1645277230975078,0.06419222011271765,0.0255153699536098,0.06621942628384286,0.07609226317544741,0.03641731442991263,0.0625299011682638,0.05475166473876566,0.07317559984740814,0.012712664084927423,0.17234204331356465,0.20864389002466102,0.2295900280738187,0.1538947404555592,0.0430374259300007,0.19840018375262777,0.23081394449170145,0.18234648530645525,0.313532054054413,0.08579912487490961,0.08803507812148083,0.24536931995979386,0.08880139719147918,0.046509940671367996,0.11183595435710801,0.07887742962705238
RSI_14_bounded,0.7183305595500843,0.7288716225876353,0.8534699441925977,0.7828145930124975,0.8434392763439728,0.7413180926840762,0.774344748229287,0.6740237792852383,0.7139230549695043,0.6231777360294087,0.8005756521166564,0.6178481760651053,0.4305371295039005,0.31776822542996974,0.738557425677562,0.0778793169029469,1.0,0.7473347655702819,0.08552464457838771,0.9199924639648026,0.5586638598489132,0.09393913974358394,0.7060668109428376,0.47134926146124134,0.04025726113252205,0.048780034836155145,0.899677384020101,0.033269604521274705,0.028613397638083224,0.058395873036879244,0.5965966244574339,0.7720933051963252,0.5592607324605725,0.4770625841210475,0.5228580829971736,0.09350883636239599,0.0017375459140119146,0.0073987064691236875,0.013081488790446329,0.001567276037217099,0.009998287012373592,0.021298034929898544,0.02446200490815945,0.013861157250637732,0.030374638908532717,0.6887747948400307,0.6894497890993121,0.9151188680026504,0.6904193214208334,0.6358950207708153,0.8381518647873446,0.605739753639323,0.5708253139041526,0.632287346821031
MOM_pct_30_z,0.5424685715217219,0.6528240774101808,0.7952227390993354,0.8490630641867714,0.8937460273926463,0.8793110997384322,0.8068015938842664,0.7653840004889801,0.6749669331572918,0.6287024158217304,0.9026243523336551,0.793792470195777,0.4481830299275049,0.1819925756948214,0.668478543780314,0.08157933299772245,0.7473347655702819,1.0,0.04208767372005802,0.6765884743459435,0.6071673272901646,0.009456843542985352,0.3780067020285481,0.2415045630147957,0.03580824519530165,0.0656236822199939,0.5790077765824527,0.030964401633052974,0.027054316864310732,0.06067748509831709,0.4121175439900699,0.8707691669819848,0.6073769537147051,0.3512445780674155,0.7469149125965238,0.10310158880765158,0.2171384753648617,0.01639118162972101,0.03241639457654553,0.026275980432270887,0.021551671347914525,0.03759470618026279,0.02366102323296579,0.018378388283705163,0.03485306488400579,0.5745882900520032,0.5709393789492301,0.6566352858851859,0.6859522959108905,0.6562279780623582,0.6231666964919033,0.5139507660148114,0.5342497723034328,0.3083323836602985
ADX_30_scaled,0.011058492086679217,0.011350340011228385,0.02097420953537735,0.022449092860285007,0.030582879284420758,0.03442417068880689,0.031481931273528455,0.033051758815131914,0.03822034209685847,0.04052845751996224,0.027489388490557258,0.039558372866599675,0.01598709562550597,0.03647338111061242,0.01307205462115976,0.6459707146184496,0.08552464457838771,0.04208767372005802,1.0,0.09135011152180063,0.037519480551578055,0.6430018905558563,0.09658637627959503,0.021945073721919076,0.4679580768524106,0.27489551970230564,0.05935342578562325,0.4132216978739118,0.4337115131744672,0.3090525187362667,0.0018598924064848182,0.0298587146503011,0.034307038932617995,0.009213013574948383,0.03652069712774805,0.033417304182595385,0.03082633862065049,0.042135392634455135,0.007359115478587793,0.07949223446484015,0.2300196555664374,0.1470396528305272,0.018873841878620925,0.06215153366908704,0.1674547899333277,0.16225972048397166,0.24906804398772953,0.09058479213962181,0.20258789633330973,0.339331441729219,0.10389313386122416,0.16505787297008706,0.29394084399295467,0.10999574160445158
RSI_30_bounded,0.4733962432067296,0.5270810117361163,0.6511476173795581,0.6542580187575168,0.7740771562374233,0.741459996872377,0.80769152946434,0.7627337817300186,0.8106709382584207,0.7636193551209177,0.6929160748407044,0.7127014946748063,0.628882961822639,0.5353364417933228,0.5424826412765074,0.07751252389711769,0.9199924639648026,0.6765884743459435,0.09135011152180063,1.0,0.6671524729933251,0.12460153871692714,0.8938945599103678,0.20308078618052672,0.041010168595968906,0.032453500991469854,0.7149018564795108,0.0005203209888398674,0.0566196647123783,0.04361744933932345,0.3754666217455405,0.6530288234004242,0.6678280171125877,0.603986476770723,0.5019761754714148,0.29139376370832093,0.049660907453867455,0.014135667462169859,0.019682302577474883,0.0021878495022606675,0.010281939301497789,0.020322215863485614,0.009830837872892144,0.0026688429040007044,0.03028144447956149,0.5165907106364317,0.5090086370628785,0.7679968451345011,0.6923163281639194,0.6091377247857428,0.9353552502658123,0.706544153942045,0.6279904114495363,0.8111873393421549
MOM_pct_72_z,0.3185283943499132,0.3814965429596277,0.5081145147171957,0.5555981596613571,0.7596739543187235,0.7855845404489392,0.8692654671270151,0.8733666654990081,0.8323076519363318,0.8216113647034795,0.6093421096281183,0.8759242651537498,0.8238669323800274,0.5588362599287104,0.39516693123434204,0.07600705195003266,0.5586638598489132,0.6071673272901646,0.037519480551578055,0.6671524729933251,1.0,0.03641394315521433,0.5008656611259872,0.04342972224102103,0.04481115048176188,0.011290617230926402,0.366753575815225,0.04569658368840412,0.07142901430079733,0.02716708220598077,0.23810046621784087,0.5365224819983458,0.9998626292645886,0.570171800056225,0.47470953961215795,0.7647786800847605,0.29185567380172683,0.021433679338751677,0.03677086200102149,0.025961891165380467,0.03614846368333748,0.035414875209730697,0.001027328837302993,0.002475462534714314,0.041237459576067934,0.3571418171216752,0.2873982731778247,0.41272986440223275,0.7166497759021945,0.6216735161552077,0.6951255876618478,0.686669183509462,0.6324156119457124,0.4379872489439568
ADX_72_scaled,0.01103436731087733,0.009704274759865591,0.004888443062462072,0.007441572312873654,0.02488668532695261,0.027702041599809605,0.03388261152933991,0.034923319612073865,0.04188430419972912,0.04323200040508257,0.009870713277640487,0.03215423122992071,0.031352149482106066,0.028226899022290045,0.010000987475594329,0.18847745554083634,0.09393913974358394,0.009456843542985352,0.6430018905558563,0.12460153871692714,0.03641394315521433,1.0,0.12452033284000566,0.043813538892285835,0.27685178149537276,0.11303577188510104,0.05359845896462922,0.21420106135461606,0.34688567773109685,0.4710392937157131,0.01596272458801849,0.00010813469529620137,0.03399123586249942,0.052768576663080116,0.006249060357707866,0.03953003235296692,0.08129441462023411,0.03410110316633783,0.06407149740710918,0.07879711590092289,0.11932387053890588,0.07359088467768145,0.026535713713006073,0.04027638980147467,0.01893509559929277,0.08446429789487106,0.08582474104152568,0.07332864834676671,0.08231835684527133,0.17969468079513606,0.15240660961096655,0.11769112965580743,0.29003122467565445,0.18416192531024742
RSI_72_bounded,0.19783843689096914,0.23622267391869678,0.32024291913527253,0.33814789952623814,0.4565805713161941,0.45821185417790433,0.5569983228797954,0.5504165339291156,0.6425697999595795,0.6315031345168489,0.37104063628538925,0.4923887781945495,0.5683784597664459,0.5996865298314588,0.2512463756453045,0.08275963546389462,0.7060668109428376,0.3780067020285481,0.09658637627959503,0.8938945599103678,0.5008656611259872,0.12452033284000566,1.0,0.025819438079978392,0.013694249622060204,0.028127768005353333,0.49248662170547086,0.002924545543612946,0.059688694286966194,0.010286023646246919,0.14792521863928473,0.3472264350921821,0.5017114309449826,0.5682212518793901,0.2768780155214796,0.2904430157287998,0.18842088561919787,0.009025405067197142,0.014126606820607525,0.0010033920872006973,0.00953178783529367,0.0012341413215688306,0.001131037543262584,0.013427622601931284,0.006450065401625303,0.25236735867032484,0.2694845480017732,0.5445374856022484,0.450263377701827,0.37856892657301944,0.8297460185416446,0.598282576129858,0.4782490117652516,0.9306350914061599
MACD_hist_pct_z,0.7128316847710711,0.7868233182859938,0.6361198560329606,0.5266453086157403,0.3401811409280576,0.20167998667717763,0.15875834662144758,0.038449871005246446,0.06453319284938025,0.03735542112008453,0.4362210401932956,0.07091054217327059,0.2490658391691807,0.2476922301343095,0.713855682873217,0.002466336591254724,0.47134926146124134,0.2415045630147957,0.021945073721919076,0.20308078618052672,0.04342972224102103,0.043813538892285835,0.025819438079978392,1.0,0.05380720667579483,0.02166919985732747,0.6791270928025581,0.04279144848519068,0.012104958224561455,0.009659071328307211,0.6944081189149575,0.3900008305841368,0.043119531284508135,0.04811219042040832,0.06326623179220656,0.3522549814210662,2.045102957221185e-05,0.0146535235821349,0.012023725567398778,0.0018687703980329905,0.008561728892938112,0.0033880615995254236,0.005436138488364838,0.007975465561039072,0.006369041980374953,0.5368501895740196,0.5313216855519127,0.5580317228346063,0.19069309725849476,0.18217122864842167,0.1250870700277839,0.048592830789913305,0.0806567921029997,0.012778644253998802
NATR_14_z,0.06356604350085289,0.058277988092471325,0.06346124625079087,0.052559237125038474,0.06335767073530313,0.051298544740046866,0.06710272464581807,0.05781059325668705,0.07992809730599025,0.0710517690443752,0.0514744694928835,0.05105019790629398,0.055912341875760566,0.052142782414288324,0.061519336504181794,0.378411293991197,0.04025726113252205,0.03580824519530165,0.4679580768524106,0.041010168595968906,0.04481115048176188,0.27685178149537276,0.013694249622060204,0.05380720667579483,1.0,0.6225097090707815,0.041541268333352165,0.8326423193979134,0.73194381303217,0.41539599666976473,0.06077984545842403,0.035151697218794145,0.047183784414540283,0.029204856383250096,0.015361407187958268,0.00674836649052767,0.05672784083600679,0.08387526379405856,0.24917452400859894,0.39000639093390255,0.5180270704787217,0.3030600748361341,0.08941660697566206,0.27423496564579697,0.4484256322757749,0.4027388674614117,0.36852579856620865,0.01553855642378379,0.337128479212272,0.2712406448278309,0.05258646483502527,0.20221227436489164,0.15114466345106134,0.015546930500441007
bb_width_20_sqrt_z,0.03964562779739645,0.037554596525029814,0.047193713964759444,0.04314775201020656,0.039381970214489755,0.03289183886040335,0.018249009373758403,0.012049624671907587,0.0010783483060700946,0.00506593234671012,0.04661901737649194,0.018355143632948354,0.01273115441368718,0.02213208362219411,0.03446358804953146,0.51180227110171,0.048780034836155145,0.0656236822199939,0.27489551970230564,0.032453500991469854,0.011290617230926402,0.11303577188510104,0.028127768005353333,0.02166919985732747,0.6225097090707815,1.0,0.05565046508819765,0.6395818003399141,0.35436155856764756,0.1447509426617968,0.03331973178464193,0.05781993137684094,0.011642631525990363,0.004799851119981369,0.03912213962399079,0.0014867997439487871,0.0067023823678598006,0.06660657374302402,0.25545896369105586,0.30993944545842844,0.3248786015491405,0.18922601294097677,0.05508641045312402,0.24066964386542947,0.31038273703254315,0.31316683849103777,0.41825957687845206,0.05541602574712149,0.1166742180325175,0.19143711257275936,0.03335372035835244,0.06225765297097406,0.10100345948218538,0.04103866556924214
bb_pos_20_norm,0.8392846588227268,0.7759239560187693,0.8589769710701118,0.702068792208785,0.7148493848117531,0.5491023458070378,0.5950096620645889,0.4508429512160314,0.5200422253040183,0.3968204241317656,0.6865103277986004,0.3700963299706311,0.20372314968631786,0.13888656848714767,0.78993286623042,0.0663512790155611,0.899677384020101,0.5790077765824527,0.05935342578562325,0.7149018564795108,0.366753575815225,0.05359845896462922,0.49248662170547086,0.6791270928025581,0.041541268333352165,0.05565046508819765,1.0,0.044866679837122225,0.022396128881566373,0.04902537832083912,0.7347697099399703,0.6516908697912328,0.36748314687169353,0.3247581366779392,0.32420341836757843,0.036704808799086074,0.014394214583790784,0.004484464807763295,0.011505886152200882,0.007468839037282339,0.007062144124269621,0.010898655986229537,0.026963079368002726,0.012173524842960085,0.02191722806140017,0.7200326700158118,0.7230497746460113,0.9027739533029215,0.5558634479301264,0.5201471281520792,0.6339949708055204,0.45347368469088156,0.4353453335097021,0.4546319528196858
volatility_24_sqrt_z,0.017958043169437592,0.02409289662529562,0.017447352211061896,0.019007412144417136,0.0074407016110979735,0.011461503068090396,0.035094223445942145,0.041929499989195186,0.058562913785998615,0.06228686387290486,0.0173376700846732,0.04120677846215811,0.0731510009801337,0.05938373566722484,0.016867507233134415,0.3835041890547915,0.033269604521274705,0.030964401633052974,0.4132216978739118,0.0005203209888398674,0.04569658368840412,0.21420106135461606,0.002924545543612946,0.04279144848519068,0.8326423193979134,0.6395818003399141,0.044866679837122225,1.0,0.6630438839844436,0.33968727639732643,0.014249100030998251,0.036674401297335575,0.04711566534446678,0.011120871084703814,0.026104940651012824,0.04325537158594332,0.07773104764733116,0.061361554616143614,0.13172002817287387,0.26086657543034636,0.370653907387877,0.23445699164127334,0.05030177430296197,0.17111410580186023,0.32116326489067604,0.35237486036260596,0.4532568731352468,0.06028962702920679,0.2761209883645548,0.263679877351166,0.030645580619378204,0.15084949221032704,0.13751897379224534,0.014651440361409581
volatility_72_sqrt_z,0.027516407249678788,0.03139179626798685,0.03534061166248844,0.033964766893543295,0.05893641363268466,0.056896075043877205,0.08844895290017803,0.08903685280498552,0.1326187037364023,0.13368340435708573,0.03606811551163033,0.07228834008725767,0.128672030482545,0.17005640775858824,0.03486619731850455,0.1645277230975078,0.028613397638083224,0.027054316864310732,0.4337115131744672,0.0566196647123783,0.07142901430079733,0.34688567773109685,0.059688694286966194,0.012104958224561455,0.73194381303217,0.35436155856764756,0.022396128881566373,0.6630438839844436,1.0,0.5975531857102941,0.025341737625637652,0.021575474900245726,0.07532211537208194,0.09938130578258565,0.01497988988239552,0.04004116553806209,0.020272462278708058,0.04928375182028853,0.027946559823376484,0.1509233318824282,0.28841651791221845,0.16710157764725111,0.06857512964164252,0.03174626174922096,0.18636069377139164,0.24408068478042952,0.2834834037316152,0.018561766541601566,0.33548324505719335,0.3207715381849299,0.053059474304318587,0.2449353534702511,0.1877554985119691,0.047323569390460916
volatility_168_sqrt_z,0.0389094072389794,0.04303421392133327,0.05381325737904267,0.057196392345990096,0.054906359512333414,0.053588070690249456,0.01835185736280964,0.010999776838907788,0.04026890947226903,0.04900188891138672,0.06070439195234583,0.03776841882174545,0.06522415834043623,0.1451507804151857,0.04783690330100799,0.06419222011271765,0.058395873036879244,0.06067748509831709,0.3090525187362667,0.04361744933932345,0.02716708220598077,0.4710392937157131,0.010286023646246919,0.009659071328307211,0.41539599666976473,0.1447509426617968,0.04902537832083912,0.33968727639732643,0.5975531857102941,1.0,0.030950736090926217,0.05312142993237234,0.02277042823023209,0.059509248124660186,0.04075737977092028,0.010563013806569304,0.07633368858566514,0.028172396058096166,0.061506688286245996,0.012090616647226533,0.1662803751766037,0.09670353839479512,0.04928678623990918,0.10210703395030106,0.04474874389801107,0.09126520234043839,0.19736634246755405,0.07239693711468465,0.09717124695659897,0.2764272605741418,0.07204515758171037,0.20337790585772736,0.2745284179768477,0.0031639797856592654
log_ret_6_z,0.8847719135002863,0.7030600412822536,0.7552834425060975,0.5067525774146037,0.5494877118095577,0.34008292573837273,0.4080821369911677,0.23554138368532257,0.30212557310808524,0.15687764483663832,0.47314452112424593,0.18112813259962882,0.021389784636223014,0.0664767658939315,0.5967720830896559,0.0255153699536098,0.5965966244574339,0.4121175439900699,0.0018598924064848182,0.3754666217455405,0.23810046621784087,0.01596272458801849,0.14792521863928473,0.6944081189149575,0.06077984545842403,0.03331973178464193,0.7347697099399703,0.014249100030998251,0.025341737625637652,0.030950736090926217,1.0,0.4683291478129125,0.23821915120811982,0.10919062136390763,0.024803560152249868,0.06096078508018024,0.11765538582543685,0.0008881782345669697,0.009670674989143856,0.0012153359762533766,0.02362025799487329,0.032422474991183524,0.02539811390517719,0.016868968411757248,0.029437470688060977,0.5924783592979705,0.5562158073189869,0.62046745150582,0.41741834205794737,0.38899661053563006,0.3431848112771222,0.25653002933625,0.2705578288206957,0.1333481485685524
log_ret_24_z,0.6085661297669587,0.7244178868453133,0.8431929281576143,0.8819727698061941,0.874491265234455,0.8402985056590987,0.7595277694773132,0.7025409089690643,0.6245438006062167,0.5660793553851948,0.9201761923863772,0.7030349336473004,0.35780361002655764,0.12099632058741987,0.7373112908884624,0.06621942628384286,0.7720933051963252,0.8707691669819848,0.0298587146503011,0.6530288234004242,0.5365224819983458,0.00010813469529620137,0.3472264350921821,0.3900008305841368,0.035151697218794145,0.05781993137684094,0.6516908697912328,0.036674401297335575,0.021575474900245726,0.05312142993237234,0.4683291478129125,1.0,0.5370447871414938,0.3205304841846061,0.855880776928148,0.04643517136516136,0.17796658828968515,0.02649762115903817,0.037518525809152596,0.03072499203388931,0.011226254750870236,0.028374894908942867,0.015458264855820959,0.009551408089651254,0.023165079092967344,0.6674621318529818,0.6557677549259683,0.7511759719459328,0.6550093896096957,0.6204787067222305,0.5858051641872591,0.47880465264717076,0.49918677147181395,0.28330923876536024
log_ret_72_z,0.318786285696392,0.3819813751443156,0.5085486954065019,0.5561329310105372,0.7600946903979631,0.7860194060028436,0.8695685675532758,0.8736463624975845,0.8326095843631105,0.8218969177612644,0.6098554134058229,0.8760756476755941,0.8239194050654869,0.5595173197666649,0.395726760600937,0.07609226317544741,0.5592607324605725,0.6073769537147051,0.034307038932617995,0.6678280171125877,0.9998626292645886,0.03399123586249942,0.5017114309449826,0.043119531284508135,0.047183784414540283,0.011642631525990363,0.36748314687169353,0.04711566534446678,0.07532211537208194,0.02277042823023209,0.23821915120811982,0.5370447871414938,1.0,0.5707168559714616,0.4752734694163487,0.7646923936401283,0.2917780733586437,0.022048689748428614,0.037904853563340654,0.026480835778537503,0.0365779818451803,0.03586108088430245,0.0004043882326947125,0.0010581489178729641,0.04076696800831569,0.3581361613190036,0.2875411714568908,0.4135096457498854,0.7177897950924652,0.6196821967341976,0.6953826712621402,0.6878100669408619,0.630606897984078,0.4386774591881136
log_ret_168_z,0.1579591053964973,0.19943664072724263,0.2846628540599592,0.31669955850731396,0.47167922370803317,0.49004733673450585,0.6588634584163812,0.6708977145082299,0.7938490001594747,0.7980942584516806,0.3529549951724783,0.5616870569700627,0.7918556903328225,0.8069825218508102,0.22061993932047666,0.03641731442991263,0.4770625841210475,0.3512445780674155,0.009213013574948383,0.603986476770723,0.570171800056225,0.052768576663080116,0.5682212518793901,0.04811219042040832,0.029204856383250096,0.004799851119981369,0.3247581366779392,0.011120871084703814,0.09938130578258565,0.059509248124660186,0.10919062136390763,0.3205304841846061,0.5707168559714616,1.0,0.2795639860583554,0.42879049215695125,0.5162739031551788,0.018043967028645906,0.025985003064835213,0.01175176581483639,0.023934223527217042,0.009197269943940172,0.014990705278243113,0.0025003897621297053,0.012510205986902681,0.22112212175207777,0.18679552980539207,0.3565762625863302,0.44070201995092817,0.32529059324371795,0.5443711230371546,0.7634717511550504,0.6384248101995583,0.6094719323121612
ret_accel_6_24_z,0.2226938312209834,0.4327355034185752,0.5280368226536152,0.7067039853757833,0.66660124130418,0.7580834615941409,0.6177712107224801,0.663250875689007,0.5227293087248073,0.5468748047747389,0.7652162863016783,0.7026217031768276,0.3903978500165093,0.15261895659573707,0.49496106859050437,0.0625299011682638,0.5228580829971736,0.7469149125965238,0.03652069712774805,0.5019761754714148,0.47470953961215795,0.006249060357707866,0.2768780155214796,0.06326623179220656,0.015361407187958268,0.03912213962399079,0.32420341836757843,0.026104940651012824,0.01497988988239552,0.04075737977092028,0.024803560152249868,0.855880776928148,0.4752734694163487,0.2795639860583554,1.0,0.019940835270432212,0.16683599352222103,0.018160733045408484,0.02798126724621838,0.025823488472182677,0.010043845042078186,0.0197837462544368,0.008953848458775292,0.007747416720132844,0.018920374185005237,0.42779342612627125,0.42079329230353163,0.4918052955962579,0.5066452965719583,0.479032101543286,0.45212334271148247,0.38641958010641964,0.4028016333429363,0.21295340398456486
ret_accel_24_72_z,0.06116865804594896,0.06303661675534811,0.006352529986581024,0.03962221571427304,0.2731468070522993,0.3257396906807631,0.46861222374080075,0.5125054854676147,0.5167201530859835,0.5470815590793408,0.07718435314782805,0.5179545702074129,0.7115123625380979,0.5712579075714237,0.058640199713511025,0.05475166473876566,0.09350883636239599,0.10310158880765158,0.033417304182595385,0.29139376370832093,0.7647786800847605,0.03953003235296692,0.2904430157287998,0.3522549814210662,0.00674836649052767,0.0014867997439487871,0.036704808799086074,0.04325537158594332,0.04004116553806209,0.010563013806569304,0.06096078508018024,0.04643517136516136,0.7646923936401283,0.42879049215695125,0.019940835270432212,1.0,0.2356782116536934,0.017357793008632213,0.035281839996350275,0.0363218137697762,0.01321400700740132,0.00514360981601725,0.01645019252366294,0.018501425910819654,0.010933157297437804,0.04928387441603798,0.09299584840808282,0.0383247543709069,0.3641806094491574,0.3012910783809963,0.38278227471550286,0.4547982062447811,0.3942591113282176,0.27840390732757936
