,dist_ema_9_z,ema_slope_9_z,dist_ema_21_z,ema_slope_21_z,dist_ema_50_z,ema_slope_50_z,dist_ema_100_z,ema_slope_100_z,dist_ema_200_z,ema_slope_200_z,ema_spread_9_21_z,ema_spread_21_50_z,ema_spread_50_100_z,ema_spread_100_200_z,MOM_pct_14_z,ADX_14_scaled,RSI_14_bounded,MOM_pct_30_z,ADX_30_scaled,RSI_30_bounded,MOM_pct_72_z,ADX_72_scaled,RSI_72_bounded,MACD_hist_pct_z,NATR_14_z,bb_width_20_sqrt_z,bb_pos_20_norm,volatility_24_sqrt_z,volatility_72_sqrt_z,volatility_168_sqrt_z,log_ret_6_z,log_ret_24_z,log_ret_72_z,log_ret_168_z,ret_accel_6_24_z,ret_accel_24_72_z,ret_accel_72_168_z,vol_ratio_24_log1p_z,vol_ratio_72_log1p_z,vol_ratio_168_log1p_z,range_sqrt_z,body_sqrt_z,vol_expansion_24_log1p_z,vol_expansion_72_log1p_z,vol_expansion_168_log1p_z,dist_to_high_24_sqrt_z,dist_to_low_24_sqrt_z,price_pos_in_range_24_norm,dist_to_high_72_sqrt_z,dist_to_low_72_sqrt_z,price_pos_in_range_72_norm,dist_to_high_168_sqrt_z,dist_to_low_168_sqrt_z,price_pos_in_range_168_norm
dist_ema_9_z,1.0,0.710790061919595,0.9218359192329593,0.5647368364888814,0.7724372039027523,0.41611327401720877,0.6817803597995046,0.33422693222764716,0.6283732672565014,0.28212574368150367,0.5824175997902259,0.23387166877403173,0.012219350853153779,0.02970783762137879,0.7296259634033996,0.04352949353106018,0.40576714492946653,0.3989833773708484,0.02816115607999489,0.17200616147186054,0.3492745703217353,0.008934809315394024,0.05054384625683997,0.8067283605210663,0.1385760248362827,0.011605559085862405,0.6614748741651638,0.04333349917613327,0.021406474964629784,0.02020800338310602,0.8999480012997603,0.5289545689391375,0.34896472961495884,0.3847451433286844,0.024526363820076492,0.16027621399431777,0.024252292051081387,0.06370825088806864,0.060828080329361656,0.061460074446694594,0.07049692275961798,0.029016484729380513,0.0781089453563342,0.07101756736706237,0.07243480945606191,0.738177494667186,0.6860807947129489,0.48174835643327846,0.5927274294960763,0.5709707224483416,0.13149611895623892,0.5859380913724265,0.5669568892072506,0.06874844839982254
ema_slope_9_z,0.710790061919595,1.0,0.8446479910216572,0.9181898791092752,0.7853887986393274,0.758961301433042,0.7139176437016495,0.6634517067578439,0.6673275670207439,0.6080023491404852,0.8527225411717191,0.4936070506423633,0.21470225719195524,0.13112166563796668,0.8351656792986332,0.044851686502053525,0.452042452177289,0.489309333529121,0.027746689831098702,0.23022511693025083,0.36605818449660915,0.012827455847972716,0.09147010671467883,0.9103746665778979,0.13702179945737816,0.029231892805233632,0.6643388242652336,0.048575546454341444,0.02615706307234274,0.025762838477267788,0.7368694099938338,0.6403557528995867,0.36588382060784314,0.409625353173307,0.22146766237904272,0.23093354680330277,0.02650536178075186,0.03310294394883616,0.031112860824093192,0.03329477685125011,0.0540554378226198,0.024631162721893578,0.055732522005098775,0.05278611569495133,0.05501633411491695,0.6956733027108121,0.6456411524754481,0.5094424373410775,0.5718177694451244,0.5469971368736483,0.1537998070210616,0.5874841308079015,0.5705584442391243,0.09100873885672746
dist_ema_21_z,0.9218359192329593,0.8446479910216572,1.0,0.8038155977218933,0.9361464258679922,0.6895570453673759,0.8557664336942127,0.6015205128728767,0.7974116250708818,0.5397571363498986,0.8276640022496886,0.50075390161601,0.20835828446651594,0.10422585821889667,0.8607579032274004,0.04192405474095883,0.5363000226454938,0.614242011074895,0.04082311126732558,0.2585200535940507,0.43244920226401123,0.002295787724789445,0.08176643104824953,0.8250786227873915,0.1638163808166376,0.012558255176623904,0.783180008081947,0.03782742522990029,0.03287403553472452,0.02559258230642691,0.8181073331754406,0.7430373782282119,0.43220910728882095,0.4796775199517486,0.2537229058127624,0.2599387143169059,0.022695141007640512,0.04908191442312023,0.05304761844421514,0.05322625926979168,0.0723298554424135,0.033035315488062086,0.06817299486284333,0.0724862056134493,0.07375032746167977,0.8282915557479681,0.7572349586941942,0.6329416836214321,0.6996111834044451,0.6812178345087284,0.17810005131844656,0.7072805309469219,0.6841647035025906,0.08915528743647479
ema_slope_21_z,0.5647368364888814,0.9181898791092752,0.8038155977218933,1.0,0.8531802481352696,0.9265330927825689,0.8082615552281527,0.8367300961368468,0.7623436993621062,0.7744127521993681,0.9762877824505145,0.7047109998931342,0.38917723224734757,0.24690593565628602,0.8294695329317626,0.038408712249252255,0.5314411290200906,0.6722754373270253,0.0418787267643075,0.29023025497433064,0.4133491708419872,0.0017406642195405436,0.10706000823174844,0.7387968408884487,0.1440908524976077,0.027846194914943417,0.7062675923694763,0.034073581314786744,0.04058976831810271,0.031469422548448166,0.540442911141937,0.783871444354375,0.41326826333974787,0.4566193205173563,0.4964468532054382,0.2929808212968505,0.013391878548964772,0.025011536644208344,0.030177695810126925,0.03054824847091605,0.0548215457141207,0.026299088849923716,0.0447209818277301,0.05435328696724423,0.055486966428836736,0.6963828019841959,0.6323426520390665,0.609807781848764,0.6170140530454604,0.6017296616044879,0.18244913317151112,0.6412927185303381,0.6255732069470352,0.09636230790234586
dist_ema_50_z,0.7724372039027523,0.7853887986393274,0.9361464258679922,0.8531802481352696,1.0,0.8479607489564961,0.973188966395216,0.7950866631526641,0.9261654795058941,0.7377146376992234,0.9052002002679875,0.7221856324626357,0.43916927201255984,0.2619270564174043,0.811665759363472,0.007242372571423051,0.662536078700455,0.7516799800739667,0.041769583333066095,0.3649916822537147,0.5306415486727567,0.013880303137719329,0.11794496815753926,0.6612766393462155,0.1794866445812609,0.007030200436748295,0.8527483617866672,0.01699377228387645,0.030775858518081983,0.026222957661156603,0.6738435062715536,0.8217712487260611,0.530533340232535,0.5360902555689567,0.42607673359266546,0.22421094417773163,0.023365352093006785,0.04446231657434803,0.053441954694823456,0.052319701834492596,0.08146184347840182,0.0411942394192317,0.06268203148355257,0.08036191249082328,0.08177165698569347,0.7949214241259145,0.7103193934320005,0.7548087106630561,0.7837741768333917,0.762386027813539,0.2649658535328181,0.7885491707374906,0.7597544351610761,0.103879419584904
ema_slope_50_z,0.41611327401720877,0.758961301433042,0.6895570453673759,0.9265330927825689,0.8479607489564961,1.0,0.8672176863424431,0.9671722095972639,0.8401188649951407,0.9127399518330068,0.9434608520143994,0.8828342885567475,0.5934304880748341,0.3801967314825289,0.7030552995133053,0.005775317231744515,0.6227350364512618,0.7539352115841749,0.034353155818414194,0.37861378756674485,0.48956823436842667,0.013304294683722646,0.13429136948813797,0.5144533534036754,0.15845270709600656,0.014188126912544792,0.7269861449739365,0.004980890006171599,0.03245149037332804,0.024262250819650697,0.3855804120719304,0.7803722412277191,0.4896028544152272,0.4849753351136152,0.6030091790307612,0.2095735380997416,0.03688128994680836,0.025655202762000753,0.03577395099894817,0.03452484436818394,0.06540938616504806,0.035043418577691554,0.041008835198238475,0.06362147255594965,0.06484791741053657,0.6098486407658675,0.5383640073365326,0.6918175191456102,0.6672128673414228,0.649587239909707,0.2619284015987056,0.6820320845800196,0.6592562373856472,0.1019608832384452
dist_ema_100_z,0.6817803597995046,0.7139176437016495,0.8557664336942127,0.8082615552281527,0.973188966395216,0.8672176863424431,1.0,0.8623248986486706,0.982400017545237,0.8280592849925364,0.8669996673185694,0.801719121949948,0.5776135633728737,0.39012410186237595,0.7398649845752177,0.01336057306926186,0.748299247422191,0.7573381533587151,0.0307493878067246,0.4654560436685165,0.5993137249274734,0.022202407641648044,0.17591148796531728,0.5565509211584229,0.17898475340494233,0.0033951627773403745,0.886258895934449,0.00814350805605003,0.022227104534245166,0.011925087304828474,0.5955825504212977,0.7915214942066556,0.5993227236547358,0.5698766699403167,0.4520714249209045,0.13690300002300199,0.05360715152322298,0.040030624297942824,0.04859052631282111,0.04620531905875534,0.08010795030553937,0.0414000716595184,0.05567995058441005,0.07656880935521043,0.07892490802028654,0.7326810185393202,0.6518278176032345,0.8193346221637869,0.8125073865050253,0.7900010241438251,0.3713600181647386,0.8304197251569176,0.8000963175606746,0.14443772796960347
ema_slope_100_z,0.33422693222764716,0.6634517067578439,0.6015205128728767,0.8367300961368468,0.7950866631526641,0.9671722095972639,0.8623248986486706,1.0,0.8666751277270756,0.9773489222405832,0.857995219081625,0.9375277636864957,0.7156718094348765,0.49338907040772634,0.6140514707857573,0.02933051497712101,0.6867939442666444,0.7252082594692882,0.019031454260753082,0.4659041095240448,0.5445231884657332,0.019375103885798352,0.18692678722907252,0.40288670588501346,0.15518113516271614,0.004670999349675614,0.7368031727361695,0.005246095727396647,0.02095707539832492,0.004028070542205449,0.3119132557876499,0.7140906181626059,0.5446577939346122,0.5022852442410387,0.5889687451908526,0.10868440145702675,0.06722739802775923,0.02340474343208288,0.033741652506410875,0.031264073070554205,0.06340037204740072,0.03481952009942255,0.03348695415023041,0.059103937061144175,0.06137226288741817,0.5328694326943088,0.466260570028115,0.73198397228709,0.6765420442606431,0.6579834891976001,0.36212465046896586,0.7023340371516444,0.6779505311231497,0.1385103509081448
dist_ema_200_z,0.6283732672565014,0.6673275670207439,0.7974116250708818,0.7623436993621062,0.9261654795058941,0.8401188649951407,0.982400017545237,0.8666751277270756,1.0,0.8649090757198773,0.8191342684457733,0.8077844477573426,0.6492361365953545,0.5013439889685523,0.6930864613089666,0.010372691519032091,0.8208349558482327,0.7313898720072096,0.0326866304023006,0.5699754499346119,0.6266000822337773,0.03492319212990626,0.26634671487030726,0.5048998887189459,0.17232780172142076,0.005796776461207329,0.9183264640700506,0.008381962541133332,0.024515162881212225,0.0028639808554565297,0.5518301544338087,0.7521257843446841,0.6266870217822984,0.6060806525423266,0.445326547716047,0.08088796622128908,0.043823021975018236,0.03776366050408484,0.0461309632733409,0.042193803963458454,0.07562868992142777,0.04002841940895674,0.05026411348021258,0.07111312675554135,0.0734409305853094,0.6864465999713146,0.6165454086444928,0.8682299402132372,0.8080361290851462,0.7921324882214176,0.48027153316293736,0.8592908376368968,0.8377080447549452,0.23056257785056009
ema_slope_200_z,0.28212574368150367,0.6080023491404852,0.5397571363498986,0.7744127521993681,0.7377146376992234,0.9127399518330068,0.8280592849925364,0.9773489222405832,0.8649090757198773,1.0,0.7927023173854366,0.9199221188184883,0.7783844622033035,0.5988841233200833,0.5617164147731749,0.026854024811403768,0.7453001841645401,0.6837449672604771,0.021636587678063292,0.5618048205593102,0.5605676117534839,0.03612763275038293,0.27472186586101005,0.34863143735705887,0.14391060538376946,0.009791948833866146,0.754265244987194,0.001214353449114629,0.0229268386863731,0.004402282767526261,0.26910185679725607,0.6639372885099576,0.560753277290799,0.5313643211356603,0.5660056154451852,0.054328267766565005,0.05299295118109179,0.02220991374716764,0.03153768348674053,0.027546972615539227,0.05802441501936912,0.033523588306410106,0.02881599353200078,0.053047739833342156,0.055175983051588086,0.47916577611019173,0.4273788519803484,0.7651740968592629,0.6598280502777265,0.6475680470581952,0.4670932533160064,0.7192661898630981,0.7031284284368405,0.2257320175660908
ema_spread_9_21_z,0.5824175997902259,0.8527225411717191,0.8276640022496886,0.9762877824505145,0.9052002002679875,0.9434608520143994,0.8669996673185694,0.857995219081625,0.8191342684457733,0.7927023173854366,1.0,0.7580564678482168,0.4323160804446819,0.2719847361659546,0.8299735510068839,0.03506697743236964,0.5769827173956682,0.7503412610359301,0.04683472487726784,0.3202095795866228,0.44569939721650514,0.0015830259299813325,0.11698302171837378,0.6841284442172304,0.14979050259577698,0.025731257894464257,0.7468230160176792,0.031014204581223722,0.0432637670779347,0.030773125304771953,0.5239755778849783,0.8456488513239483,0.44565647439348405,0.48850741148551463,0.5630215630336947,0.3033976839970757,0.0055462125499824025,0.028652787015903174,0.035093691267298145,0.034176850174852696,0.06046986944813058,0.0327494037588478,0.04768294013978258,0.06039014186344489,0.0609991220685524,0.7238850282228743,0.6549280640236231,0.6669869142780936,0.6590627138756417,0.6498309208475537,0.20527276631305438,0.6859551873960894,0.6694605235745071,0.10519938269373914
ema_spread_21_50_z,0.23387166877403173,0.4936070506423633,0.50075390161601,0.7047109998931342,0.7221856324626357,0.8828342885567475,0.801719121949948,0.9375277636864957,0.8077844477573426,0.9199221188184883,0.7580564678482168,1.0,0.7596268127724619,0.4840745268718706,0.5063013150798001,0.05713110978308547,0.665266235637409,0.7331276634923823,0.009012908505103478,0.4603731816770541,0.533637393494571,0.010342059826949046,0.1821711357807761,0.23750208557933275,0.14786272874596662,0.005064895008121101,0.6671875559749273,0.02115782983861328,0.015038283356373939,0.005497051116401402,0.18605674481483042,0.6648235317685398,0.5338278914228748,0.4622159772964734,0.6219690371525249,0.07069465367044549,0.09810580422189674,0.02248981753339688,0.03283892796049566,0.031492890226802656,0.06160657026949719,0.03653575840163417,0.027584378457014367,0.05716250554740814,0.059936301454265074,0.4409454231693659,0.3784830578156528,0.6980795751593565,0.6371338733699196,0.6198765264746292,0.35188868287092423,0.6458463398814758,0.6204097349044655,0.11984229773504813
ema_spread_50_100_z,0.012219350853153779,0.21470225719195524,0.20835828446651594,0.38917723224734757,0.43916927201255984,0.5934304880748341,0.5776135633728737,0.7156718094348765,0.6492361365953545,0.7783844622033035,0.4323160804446819,0.7596268127724619,1.0,0.7289196059507446,0.23629337372643638,0.10796892960779235,0.6857355028851241,0.44452299925280747,0.0449227487555285,0.6118441962268986,0.5784372641238411,0.03778331537882927,0.31658451585090547,0.01485147672599522,0.1041007719160373,0.021467243440709695,0.5471068021103147,0.043902653526620865,0.021345965207716464,0.06186318976740245,0.005869731342363413,0.3765530729645484,0.5786295796812418,0.4167197609286135,0.4155326287666663,0.22100821491894532,0.1587079915384629,0.005158105315271563,0.009697287153295524,0.00824383143575661,0.04071744116118993,0.02721995049346923,0.003142493490210161,0.02777662697377959,0.03498288606957651,0.1822002973185498,0.137035949972154,0.6117913142442414,0.4914958759906652,0.4723848826465109,0.5674907959573018,0.5453170162452456,0.5405138384509454,0.23109354893726186
ema_spread_100_200_z,0.02970783762137879,0.13112166563796668,0.10422585821889667,0.24690593565628602,0.2619270564174043,0.3801967314825289,0.39012410186237595,0.49338907040772634,0.5013439889685523,0.5988841233200833,0.2719847361659546,0.4840745268718706,0.7289196059507446,1.0,0.16031935288015772,0.01673881415783576,0.6834085350605973,0.29253407152580596,0.011987015262825914,0.7399935043407825,0.41330076673253435,0.11279655885369977,0.5334874117795083,0.007358161564927422,0.035823410426347485,0.04627437347292225,0.5005230942528857,0.010203354160847996,0.0234733169819298,0.04312208256035596,0.023660246845427668,0.2537919118077863,0.41339585219211666,0.4405075128166021,0.2910461922423193,0.19657116038711278,0.016601024305807684,0.006384646333742186,0.003977665009818166,0.007530572946909514,0.014436003297715579,0.009497690000681595,0.0068260907135309,0.004509882129416009,0.006946232480127478,0.08719151382496641,0.09883873466534987,0.5655889542201975,0.3072250825859553,0.30659472894162504,0.7311985314672003,0.4701603372050821,0.4798753889297842,0.503684844154288
MOM_pct_14_z,0.7296259634033996,0.8351656792986332,0.8607579032274004,0.8294695329317626,0.811665759363472,0.7030552995133053,0.7398649845752177,0.6140514707857573,0.6930864613089666,0.5617164147731749,0.8299735510068839,0.5063013150798001,0.23629337372643638,0.16031935288015772,1.0,0.054783348870033395,0.4844178590076587,0.5332206862420508,0.02515072298544936,0.26194066915163566,0.3927091704285757,0.018625932936146467,0.1163801022569875,0.8199859353369112,0.134915471264957,0.04402316908853587,0.6940291256354753,0.058542730607714165,0.01930208966730861,0.016544827981977962,0.6264428178130759,0.6709510181063743,0.39252769721870606,0.44160083856872273,0.3232005139465955,0.22661088547353386,0.02375188361830763,0.0426403339185136,0.038625081593114,0.04023127696793849,0.052535762438509576,0.02560595444954223,0.055523019266180466,0.05093796675050654,0.053292849325493066,0.7203064067247935,0.6844657568004322,0.5507834888366523,0.5915497221847252,0.5822007579651266,0.188727028338483,0.617411938591094,0.5983746697393475,0.11570605894729574
ADX_14_scaled,0.04352949353106018,0.044851686502053525,0.04192405474095883,0.038408712249252255,0.007242372571423051,0.005775317231744515,0.01336057306926186,0.02933051497712101,0.010372691519032091,0.026854024811403768,0.03506697743236964,0.05713110978308547,0.10796892960779235,0.01673881415783576,0.054783348870033395,1.0,0.02081238667554742,0.0018358783253349476,0.631368454724207,0.037455221364618735,0.047325093870535025,0.1865324416519783,0.0025555745925692603,0.06497584419165492,0.3283894779070717,0.2032278926890812,0.007775058527722449,0.2943559730850988,0.32782660963163923,0.256979371257417,0.03568990755160344,0.02586554906443276,0.046614390935994184,0.004121847769915338,0.0019230777786697685,0.050638593069763045,0.10797642405391947,0.07656341511978051,0.04706472995098779,0.006943179735748438,0.07365524562232613,0.03138756269614164,0.055410873739407035,0.016320364215438254,0.05560654894428203,0.10126088316610561,0.20276494684624985,0.02847884085471532,0.2796263836468121,0.2008200086132741,0.02338130965287337,0.143537433909111,0.12434520376211997,0.08137755388750464
RSI_14_bounded,0.40576714492946653,0.452042452177289,0.5363000226454938,0.5314411290200906,0.662536078700455,0.6227350364512618,0.748299247422191,0.6867939442666444,0.8208349558482327,0.7453001841645401,0.5769827173956682,0.665266235637409,0.6857355028851241,0.6834085350605973,0.4844178590076587,0.02081238667554742,1.0,0.579882890367839,0.05018316185304194,0.9192730849569197,0.596929124997109,0.016745175742677053,0.7047955978581535,0.3147308971218946,0.14214585778884836,0.0019201940187851445,0.9018654737039646,0.004522154956392133,0.029164428863725486,0.004809799318371452,0.3700852339827952,0.5510122743376533,0.5968494994397251,0.5860121427209138,0.35481961988667343,0.09512959614986818,0.034030933372450986,0.03420064748940505,0.04295588612867,0.0375391373588153,0.06341413004229747,0.03944314283070422,0.039397994044966314,0.05948490766195722,0.06144434078238499,0.4815333384659864,0.4360125770789417,0.916056906867906,0.6587350595204124,0.6659259761779702,0.8266054964364348,0.7660409974678777,0.7866508979262031,0.6142252368071157
MOM_pct_30_z,0.3989833773708484,0.489309333529121,0.614242011074895,0.6722754373270253,0.7516799800739667,0.7539352115841749,0.7573381533587151,0.7252082594692882,0.7313898720072096,0.6837449672604771,0.7503412610359301,0.7331276634923823,0.44452299925280747,0.29253407152580596,0.5332206862420508,0.0018358783253349476,0.579882890367839,1.0,0.041040144024455986,0.35747510075022837,0.40600193998257933,0.006095028138191295,0.15159166302903998,0.3156957475489351,0.1250368597030506,0.0004982208231106548,0.6495185820382922,0.015533521921712796,0.04098276859594616,0.018253849581368314,0.3169629543322608,0.7522015447006869,0.40600005048346033,0.43445326132026574,0.5894318070241402,0.26319364416136876,0.010916761754890687,0.03453437704803956,0.04220713401766299,0.03730364110453952,0.06317064756376456,0.046713200377411834,0.04794502699768102,0.06399796651778217,0.06339189700338883,0.5300686765721502,0.4818036140400279,0.6416270932743833,0.5707849154010656,0.5958118658752228,0.24390684520077874,0.614607622504683,0.5961349635896485,0.12537199220715156
ADX_30_scaled,0.02816115607999489,0.027746689831098702,0.04082311126732558,0.0418787267643075,0.041769583333066095,0.034353155818414194,0.0307493878067246,0.019031454260753082,0.0326866304023006,0.021636587678063292,0.04683472487726784,0.009012908505103478,0.0449227487555285,0.011987015262825914,0.02515072298544936,0.631368454724207,0.05018316185304194,0.041040144024455986,1.0,0.01743943945244655,0.01511287001518021,0.6377576594087361,0.019233348444748836,0.012361046196476747,0.10398145666339144,0.022635976553723014,0.05738767751780442,0.07298807620227518,0.3136289564117434,0.31494101939979824,0.025094050931087172,0.03615918628958847,0.014727354804252807,0.022899147295047335,0.014610304185667009,0.037279091461055056,0.07266970155883792,0.04212278529266596,0.07726194772388671,0.05850461859880234,0.0008817298463579129,0.0018454280264948817,0.04606449991337253,0.06110940671288939,0.027787548842743932,0.00123612280607362,0.047967762575781295,0.07658983303034513,0.09123929849400177,0.13684276483448896,0.03232984101281161,0.11582469506486137,0.14431011197177288,0.11830986954153104
RSI_30_bounded,0.17200616147186054,0.23022511693025083,0.2585200535940507,0.29023025497433064,0.3649916822537147,0.37861378756674485,0.4654560436685165,0.4659041095240448,0.5699754499346119,0.5618048205593102,0.3202095795866228,0.4603731816770541,0.6118441962268986,0.7399935043407825,0.26194066915163566,0.037455221364618735,0.9192730849569197,0.35747510075022837,0.01743943945244655,1.0,0.46915467351372675,0.01595428136232586,0.8948685895313824,0.13716719295522037,0.08274192393450974,0.00039497300972417325,0.7115434338520941,0.006206141463803927,0.020841546797860412,0.011205910116139216,0.17022351226897148,0.32426624205785753,0.4688982582474253,0.4856159204791278,0.2463485788944712,0.19699901888276272,0.006072899676802601,0.01927113314117627,0.024734368188498224,0.019062650111360435,0.03672891381069615,0.024669619862459607,0.0185028152502828,0.031728898080124864,0.033303692118279805,0.23648306170667105,0.21927404030374417,0.765280268128278,0.42059546479773524,0.43072173719920287,0.9311736952029611,0.5662784524505566,0.6020660346150677,0.7908909413713454
MOM_pct_72_z,0.3492745703217353,0.36605818449660915,0.43244920226401123,0.4133491708419872,0.5306415486727567,0.48956823436842667,0.5993137249274734,0.5445231884657332,0.6266000822337773,0.5605676117534839,0.44569939721650514,0.533637393494571,0.5784372641238411,0.41330076673253435,0.3927091704285757,0.047325093870535025,0.596929124997109,0.40600193998257933,0.01511287001518021,0.46915467351372675,1.0,0.010095226865227935,0.22958021600409115,0.266782132037427,0.1233953100222364,0.01825445429175769,0.582193939466322,0.004596384986619726,0.012623276301869478,0.01022038718208667,0.31741866007743336,0.403593798354621,0.9999492304463077,0.39028544036647383,0.2262015295101249,0.4644861783812809,0.4839360019681046,0.011527730934270666,0.011014625131034721,0.01399682091521783,0.05033087714600289,0.034453879730901305,0.021231509111506633,0.03963614938937852,0.04659586025902611,0.37196239017233923,0.3079474749030219,0.5625092703544469,0.6208490309186535,0.5546540525336018,0.4718272741438154,0.549988934641067,0.532671943485418,0.16894531576497637
ADX_72_scaled,0.008934809315394024,0.012827455847972716,0.002295787724789445,0.0017406642195405436,0.013880303137719329,0.013304294683722646,0.022202407641648044,0.019375103885798352,0.03492319212990626,0.03612763275038293,0.0015830259299813325,0.010342059826949046,0.03778331537882927,0.11279655885369977,0.018625932936146467,0.1865324416519783,0.016745175742677053,0.006095028138191295,0.6377576594087361,0.01595428136232586,0.010095226865227935,1.0,0.10331693471156224,0.037422978651772555,0.028665117763979557,0.017196543653448942,0.02119776018919842,0.018052836168628385,0.09225399276835297,0.21533276865353562,0.007658477960030031,0.00044185466604672053,0.00958247234740446,0.024208875698162432,0.015536089184554073,0.019888599902039988,0.04574070357193231,0.0032357684092118844,0.021693107777638138,0.0320574623252815,0.01880772540512999,0.00687733609320388,0.01052245950308296,0.03456870719705807,0.037712422264178425,0.00933393193641936,0.017081891066567788,0.03125935920312757,0.016299446221346964,0.004748791511411596,0.04019693677641595,0.016623863999147708,0.045002212010470236,0.010810179711574915
RSI_72_bounded,0.05054384625683997,0.09147010671467883,0.08176643104824953,0.10706000823174844,0.11794496815753926,0.13429136948813797,0.17591148796531728,0.18692678722907252,0.26634671487030726,0.27472186586101005,0.11698302171837378,0.1821711357807761,0.31658451585090547,0.5334874117795083,0.1163801022569875,0.0025555745925692603,0.7047955978581535,0.15159166302903998,0.019233348444748836,0.8948685895313824,0.22958021600409115,0.10331693471156224,1.0,0.07245014981624712,0.010315710655718168,0.014155209557275587,0.48575116081219916,0.018310788617593266,0.04148530519811522,0.004891682207304295,0.06475326886488557,0.1391601407707906,0.22892890728564017,0.30593371051410445,0.12179623687585725,0.14996633321004052,0.05395328339851863,0.015447907989962623,0.01784236567962508,0.010191883779430071,0.012230865850085041,0.008925211866200523,0.013280560389766632,0.014463199259806008,0.009962310622301417,0.07454355102891333,0.08880409019523418,0.54127003875025,0.16007262455925156,0.19037593268268593,0.8331404852400426,0.29821526941432636,0.34512791192776027,0.9055788229925862
MACD_hist_pct_z,0.8067283605210663,0.9103746665778979,0.8250786227873915,0.7387968408884487,0.6612766393462155,0.5144533534036754,0.5565509211584229,0.40288670588501346,0.5048998887189459,0.34863143735705887,0.6841284442172304,0.23750208557933275,0.01485147672599522,0.007358161564927422,0.8199859353369112,0.06497584419165492,0.3147308971218946,0.3156957475489351,0.012361046196476747,0.13716719295522037,0.266782132037427,0.037422978651772555,0.07245014981624712,1.0,0.10735428129938823,0.04351243570699457,0.5537198475385984,0.07289003876597301,0.016377339690202806,0.016850799952184862,0.7976088279988421,0.5125735390649074,0.2664662035707572,0.3365596721689592,0.036983902483610644,0.21080993311954785,0.053741355857184134,0.04086044633928252,0.028699107880268002,0.03181322087558176,0.043689375033135365,0.01759644884018066,0.062025010033806414,0.04247920728909889,0.045037662667148155,0.66857885790496,0.6450150437888308,0.3662950705571712,0.4554930105019746,0.43812280510396723,0.09894412644941443,0.4768477927773514,0.4636250230748217,0.08516997194973351
NATR_14_z,0.1385760248362827,0.13702179945737816,0.1638163808166376,0.1440908524976077,0.1794866445812609,0.15845270709600656,0.17898475340494233,0.15518113516271614,0.17232780172142076,0.14391060538376946,0.14979050259577698,0.14786272874596662,0.1041007719160373,0.035823410426347485,0.134915471264957,0.3283894779070717,0.14214585778884836,0.1250368597030506,0.10398145666339144,0.08274192393450974,0.1233953100222364,0.028665117763979557,0.010315710655718168,0.10735428129938823,1.0,0.5597764562800682,0.1648252721258573,0.6715108957684531,0.4405701095341954,0.2903362438747991,0.12351516382484785,0.1404137739547723,0.12365885024568198,0.11245265276942747,0.08483023029549563,0.022513418064796547,0.04706482073548985,0.25618175908309,0.40423914391402455,0.4375070135022281,0.4668829247266036,0.2654618391429934,0.241080472249917,0.4172128590016628,0.4554244099199037,0.3847435531745389,0.15124934029642315,0.15490707147258878,0.3237051378753823,0.0067837446703185485,0.06510531574709483,0.24481971120078524,0.08046682378399792,0.0003658163189582896
bb_width_20_sqrt_z,0.011605559085862405,0.029231892805233632,0.012558255176623904,0.027846194914943417,0.007030200436748295,0.014188126912544792,0.0033951627773403745,0.004670999349675614,0.005796776461207329,0.009791948833866146,0.025731257894464257,0.005064895008121101,0.021467243440709695,0.04627437347292225,0.04402316908853587,0.2032278926890812,0.0019201940187851445,0.0004982208231106548,0.022635976553723014,0.00039497300972417325,0.01825445429175769,0.017196543653448942,0.014155209557275587,0.04351243570699457,0.5597764562800682,1.0,0.020975670446773887,0.5361038202478636,0.27164831550463403,0.24187910930717035,0.00924911740628125,0.006750670216449623,0.017921637627594918,0.014274546457777279,0.020947618363788615,0.0009662285897307646,0.015174710282182521,0.09493559053117798,0.21917843828925448,0.240735109656609,0.2227112691637452,0.10055552422432754,0.08239023906887634,0.20175710249941137,0.21772731262202508,0.25214578327948556,0.34195014830729253,0.006614968865385227,0.07508163100159147,0.0926567076544806,0.042472744384365074,0.03953381196821817,0.0610519809191444,0.03523214601058139
bb_pos_20_norm,0.6614748741651638,0.6643388242652336,0.783180008081947,0.7062675923694763,0.8527483617866672,0.7269861449739365,0.886258895934449,0.7368031727361695,0.9183264640700506,0.754265244987194,0.7468230160176792,0.6671875559749273,0.5471068021103147,0.5005230942528857,0.6940291256354753,0.007775058527722449,0.9018654737039646,0.6495185820382922,0.05738767751780442,0.7115434338520941,0.582193939466322,0.02119776018919842,0.48575116081219916,0.5537198475385984,0.1648252721258573,0.020975670446773887,1.0,0.023070883399024515,0.037163606583174524,0.012699754499168325,0.5929541380821429,0.6659916387005876,0.5820729883014785,0.603983481181028,0.3350608735958105,0.0429981266040768,0.0033397087186068874,0.047894262699702324,0.05531580439092444,0.04988975408409218,0.07599826040925364,0.04287633268340611,0.058648918997051415,0.07343648291600659,0.07486303831596887,0.6835195828466305,0.6315950735207767,0.908533057844307,0.776834379780758,0.7746493602203997,0.6169950041067384,0.8528370307710861,0.8545343214245253,0.43845385671086196
volatility_24_sqrt_z,0.04333349917613327,0.048575546454341444,0.03782742522990029,0.034073581314786744,0.01699377228387645,0.004980890006171599,0.00814350805605003,0.005246095727396647,0.008381962541133332,0.001214353449114629,0.031014204581223722,0.02115782983861328,0.043902653526620865,0.010203354160847996,0.058542730607714165,0.2943559730850988,0.004522154956392133,0.015533521921712796,0.07298807620227518,0.006206141463803927,0.004596384986619726,0.018052836168628385,0.018310788617593266,0.07289003876597301,0.6715108957684531,0.5361038202478636,0.023070883399024515,1.0,0.47268925144284685,0.34026403357250823,0.041521637770286765,0.018873458302509014,0.004571930599631625,0.040884621589115426,0.008231380576241518,0.02894030635485508,0.08080595893871553,0.041412940422570904,0.14000809880795675,0.17407159257418928,0.1927859675721324,0.12159707361247564,0.05112907297386925,0.14755364667780765,0.18341276580839408,0.21455053194594725,0.36073534174001487,0.01216875187615486,0.1344001335119381,0.1592488232977426,0.015384986096901572,0.052050836853803115,0.0822317494554125,0.0420733278320472
volatility_72_sqrt_z,0.021406474964629784,0.02615706307234274,0.03287403553472452,0.04058976831810271,0.030775858518081983,0.03245149037332804,0.022227104534245166,0.02095707539832492,0.024515162881212225,0.0229268386863731,0.0432637670779347,0.015038283356373939,0.021345965207716464,0.0234733169819298,0.01930208966730861,0.32782660963163923,0.029164428863725486,0.04098276859594616,0.3136289564117434,0.020841546797860412,0.012623276301869478,0.09225399276835297,0.04148530519811522,0.016377339690202806,0.4405701095341954,0.27164831550463403,0.037163606583174524,0.47268925144284685,1.0,0.39856941099521587,0.019599281921026043,0.030936659451764142,0.012498434892769233,0.018553738092308248,0.022344723840079617,0.025368226639065884,0.04660723123059971,0.01883256650608197,0.01841574856815986,0.0848662305037534,0.10326360534603195,0.07737034789943358,0.04231565280575013,0.00535564541429211,0.08806397245044346,0.10177960046152856,0.15989361949826456,0.038041460419692474,0.1541093397805857,0.22340866172245685,0.02064334544910795,0.06229890389451418,0.11187533715374288,0.07344499142256802
volatility_168_sqrt_z,0.02020800338310602,0.025762838477267788,0.02559258230642691,0.031469422548448166,0.026222957661156603,0.024262250819650697,0.011925087304828474,0.004028070542205449,0.0028639808554565297,0.004402282767526261,0.030773125304771953,0.005497051116401402,0.06186318976740245,0.04312208256035596,0.016544827981977962,0.256979371257417,0.004809799318371452,0.018253849581368314,0.31494101939979824,0.011205910116139216,0.01022038718208667,0.21533276865353562,0.004891682207304295,0.016850799952184862,0.2903362438747991,0.24187910930717035,0.012699754499168325,0.34026403357250823,0.39856941099521587,1.0,0.018320352902634996,0.004343819770455399,0.010279178531676224,0.018267932030781673,0.010005971007665908,0.014732720821737525,0.007196803538688146,0.03257423394273912,0.05594223165433998,0.058921579130227615,0.1271554413638243,0.10661276404735863,0.04208627945321888,0.07633244018217104,0.08314951866025927,0.08385921307612597,0.1397530044204075,0.011748822687539033,0.0898932069956104,0.1075134867771682,0.0030971148061257436,0.10909287734171208,0.1276181038954502,0.05720714711697639
log_ret_6_z,0.8999480012997603,0.7368694099938338,0.8181073331754406,0.540442911141937,0.6738435062715536,0.3855804120719304,0.5955825504212977,0.3119132557876499,0.5518301544338087,0.26910185679725607,0.5239755778849783,0.18605674481483042,0.005869731342363413,0.023660246845427668,0.6264428178130759,0.03568990755160344,0.3700852339827952,0.3169629543322608,0.025094050931087172,0.17022351226897148,0.31741866007743336,0.007658477960030031,0.06475326886488557,0.7976088279988421,0.12351516382484785,0.00924911740628125,0.5929541380821429,0.041521637770286765,0.019599281921026043,0.018320352902634996,1.0,0.4384133984781226,0.3171902769428895,0.340685630651242,0.1796154380715737,0.1074300419578231,0.018441476723910288,0.05535460586803853,0.05060614083829689,0.051645028007594095,0.06943147292025803,0.04195806323238724,0.07829089992819668,0.06955954470118246,0.07085174155892116,0.6380763534860502,0.5946008520775931,0.4137031450123826,0.5247553522177368,0.500484968708065,0.13769486902945205,0.517868013577873,0.5074906115281106,0.07831031706767463
log_ret_24_z,0.5289545689391375,0.6403557528995867,0.7430373782282119,0.783871444354375,0.8217712487260611,0.7803722412277191,0.7915214942066556,0.7140906181626059,0.7521257843446841,0.6639372885099576,0.8456488513239483,0.6648235317685398,0.3765530729645484,0.2537919118077863,0.6709510181063743,0.02586554906443276,0.5510122743376533,0.7522015447006869,0.03615918628958847,0.32426624205785753,0.403593798354621,0.00044185466604672053,0.1391601407707906,0.5125735390649074,0.1404137739547723,0.006750670216449623,0.6659916387005876,0.018873458302509014,0.030936659451764142,0.004343819770455399,0.4384133984781226,1.0,0.40350757868304143,0.47860757329498366,0.7385836155658205,0.4616001088090222,0.029699829413129826,0.026234937092068592,0.03360403990009612,0.0331781721128809,0.056851758313593605,0.0399465138565671,0.045048949645345136,0.056107104458987755,0.056583208826410304,0.6931090396788223,0.6346984614505111,0.6683527362245203,0.5990792835706412,0.6023824179566332,0.22268020186697304,0.6420017988978721,0.6220893051797216,0.12166838667005885
log_ret_72_z,0.34896472961495884,0.36588382060784314,0.43220910728882095,0.41326826333974787,0.530533340232535,0.4896028544152272,0.5993227236547358,0.5446577939346122,0.6266870217822984,0.560753277290799,0.44565647439348405,0.5338278914228748,0.5786295796812418,0.41339585219211666,0.39252769721870606,0.046614390935994184,0.5968494994397251,0.40600005048346033,0.014727354804252807,0.4688982582474253,0.9999492304463077,0.00958247234740446,0.22892890728564017,0.2664662035707572,0.12365885024568198,0.017921637627594918,0.5820729883014785,0.004571930599631625,0.012498434892769233,0.010279178531676224,0.3171902769428895,0.40350757868304143,1.0,0.39019117763440303,0.22617560393705294,0.4645970752936391,0.4841503345413725,0.01185661215030019,0.011271682765510228,0.014260678522969538,0.050545327095389656,0.03457381760040941,0.021510098811463582,0.039870309637003436,0.04682318878058986,0.3718812621726942,0.30780152052102133,0.5625057194643369,0.62077172004326,0.555059025045933,0.4716684542861419,0.5501543221947802,0.532644676831813,0.16857338853075277
log_ret_168_z,0.3847451433286844,0.409625353173307,0.4796775199517486,0.4566193205173563,0.5360902555689567,0.4849753351136152,0.5698766699403167,0.5022852442410387,0.6060806525423266,0.5313643211356603,0.48850741148551463,0.4622159772964734,0.4167197609286135,0.4405075128166021,0.44160083856872273,0.004121847769915338,0.5860121427209138,0.43445326132026574,0.022899147295047335,0.4856159204791278,0.39028544036647383,0.024208875698162432,0.30593371051410445,0.3365596721689592,0.11245265276942747,0.014274546457777279,0.603983481181028,0.040884621589115426,0.018553738092308248,0.018267932030781673,0.340685630651242,0.47860757329498366,0.39019117763440303,1.0,0.2930453383658129,0.05687613520532282,0.44838699960846506,0.06270702445983219,0.05499893326364494,0.051549047210682,0.049873978944259253,0.02430188894431752,0.04292485442025281,0.047336791354901986,0.045477756722066415,0.4088487621463601,0.3905520865347422,0.5785257770831678,0.47997312875467824,0.45780616248934186,0.4240282712988786,0.6299849262416441,0.6092222123648114,0.3214000711152322
ret_accel_6_24_z,0.024526363820076492,0.22146766237904272,0.2537229058127624,0.4964468532054382,0.42607673359266546,0.6030091790307612,0.4520714249209045,0.5889687451908526,0.445326547716047,0.5660056154451852,0.5630215630336947,0.6219690371525249,0.4155326287666663,0.2910461922423193,0.3232005139465955,0.0019230777786697685,0.35481961988667343,0.5894318070241402,0.014610304185667009,0.2463485788944712,0.2262015295101249,0.015536089184554073,0.12179623687585725,0.036983902483610644,0.08483023029549563,0.020947618363788615,0.3350608735958105,0.008231380576241518,0.022344723840079617,0.010005971007665908,0.1796154380715737,0.7385836155658205,0.22617560393705294,0.2930453383658129,1.0,0.42524829057033126,0.019166142285533375,0.0053211268750646915,0.015217364454262021,0.014466521652530368,0.026475556850164034,0.01994078330820868,0.008454152584015138,0.0263308096146023,0.025336808425732972,0.3036436957905479,0.2688559613818008,0.4415131934165348,0.2975968523525659,0.30942900973682724,0.14181501618779496,0.3472126738772705,0.32800262186276496,0.08823337168848826
ret_accel_24_72_z,0.16027621399431777,0.23093354680330277,0.2599387143169059,0.2929808212968505,0.22421094417773163,0.2095735380997416,0.13690300002300199,0.10868440145702675,0.08088796622128908,0.054328267766565005,0.3033976839970757,0.07069465367044549,0.22100821491894532,0.19657116038711278,0.22661088547353386,0.050638593069763045,0.09512959614986818,0.26319364416136876,0.037279091461055056,0.19699901888276272,0.4644861783812809,0.019888599902039988,0.14996633321004052,0.21080993311954785,0.022513418064796547,0.0009662285897307646,0.0429981266040768,0.02894030635485508,0.025368226639065884,0.014732720821737525,0.1074300419578231,0.4616001088090222,0.4645970752936391,0.05687613520532282,0.42524829057033126,1.0,0.4717583619223107,0.0016451870084571946,0.014035660540172282,0.01256699178685609,0.0024194036260456243,0.00046451603375046216,0.008455971824994088,0.007935339110694611,0.0018698233649589076,0.26919079433286813,0.274996506782156,0.05248548253972149,0.0027785606542313625,0.03791537503718166,0.2757458782335902,0.0542650017128824,0.052908860561934,0.08363210748682927
