,dist_ema_9_z,ema_slope_9_z,dist_ema_21_z,ema_slope_21_z,dist_ema_50_z,ema_slope_50_z,dist_ema_100_z,ema_slope_100_z,dist_ema_200_z,ema_slope_200_z,ema_spread_9_21_z,ema_spread_21_50_z,ema_spread_50_100_z,ema_spread_100_200_z,MOM_pct_14_z,ADX_14_scaled,RSI_14_bounded,MOM_pct_30_z,ADX_30_scaled,RSI_30_bounded,MOM_pct_72_z,ADX_72_scaled,RSI_72_bounded,MACD_hist_pct_z,NATR_14_z,bb_width_20_sqrt_z,bb_pos_20_norm,volatility_24_sqrt_z,volatility_72_sqrt_z,volatility_168_sqrt_z,log_ret_6_z,log_ret_24_z,log_ret_72_z,log_ret_168_z,ret_accel_6_24_z,ret_accel_24_72_z,ret_accel_72_168_z,vol_ratio_24_log1p_z,vol_ratio_72_log1p_z,vol_ratio_168_log1p_z,range_sqrt_z,body_sqrt_z,vol_expansion_24_log1p_z,vol_expansion_72_log1p_z,vol_expansion_168_log1p_z,dist_to_high_24_sqrt_z,dist_to_low_24_sqrt_z,price_pos_in_range_24_norm,dist_to_high_72_sqrt_z,dist_to_low_72_sqrt_z,price_pos_in_range_72_norm,dist_to_high_168_sqrt_z,dist_to_low_168_sqrt_z,price_pos_in_range_168_norm
dist_ema_9_z,1.0,0.7345136541381063,0.894266132699993,0.5970641114276236,0.6729416847750098,0.43183570448738756,0.5153502064207315,0.31693954420964093,0.3973927208647536,0.22852071652922537,0.5844023501966276,0.2613141945081236,0.06369144854778708,0.056387259283833084,0.7453112350984602,0.0076174951895556136,0.7322930644635303,0.5127483880140017,0.025020066100362212,0.48811473775795716,0.29828098531085845,0.021022808093867897,0.22059806787077188,0.7275518234219607,0.11690334043836799,0.001156648916805524,0.8528299613447469,0.010602546233477912,0.059415563222521686,0.01671197410352818,0.8885991408651966,0.5862226345164363,0.29843456260226064,0.18145684362935935,0.18671135476217657,0.07457076457345627,0.11844962585830277,0.03900523354616619,0.016940580593604617,0.016854120802623593,0.06067871968776167,0.03301899267060664,0.057506062912734524,0.0490047722440961,0.06002924671376939,0.7258934947562069,0.6496442693704478,0.7556509678551258,0.5077256425098307,0.45792750542749544,0.4358426743537038,0.3560224099080831,0.3302026264881896,0.1948174788590133
ema_slope_9_z,0.7345136541381063,1.0,0.8701195058451084,0.9011181137619767,0.7495365826947256,0.6860996444709098,0.5992364482719608,0.523452938757493,0.4733251061498392,0.40010787348934046,0.8295285555115813,0.43190165244175116,0.15126092200423058,0.014847077150599233,0.861561764043009,0.0063501353865357555,0.7478548390182191,0.6364594682846755,0.015731854015171225,0.5512311466218458,0.364591810619482,0.019597029530233484,0.267891578435924,0.8020675905590707,0.1352867216779131,0.011679271204768474,0.7926468008419638,0.019592848942402225,0.07458777029893689,0.0233347197966793,0.7071617142402835,0.705866968216133,0.36497378442567047,0.22596218917755223,0.4043321044161999,0.07563056805673485,0.137103903985199,0.020775499576191195,0.0022762955556279506,0.0037771691669682443,0.05759007544735664,0.038336906555976734,0.041367387424243424,0.03997262736887314,0.054563195972803846,0.7198507916758945,0.6418608368913461,0.7461588004329643,0.5570490416554348,0.49543314715590486,0.4772332364435719,0.4082748424886176,0.3688455838608317,0.21766527465832977
dist_ema_21_z,0.894266132699993,0.8701195058451084,1.0,0.8668652113463022,0.8964964701754552,0.7412924705114026,0.7438486636645034,0.6013533101807672,0.6032033428072855,0.47669174104106316,0.8691411990461135,0.5545707479946886,0.25735254002991714,0.04822809050471859,0.8790898026531789,0.022329818933862655,0.8675782576715665,0.7777902677248533,0.011236052624606955,0.6712088685994059,0.48664661579506746,0.03037233568896893,0.34964987366623784,0.6584360417080318,0.1506736096737716,0.009691983172641546,0.8731918588065368,0.03071292646068298,0.08550566933457626,0.027200596657059022,0.7627167849489443,0.8308486593034817,0.48686468871900734,0.3031503773715894,0.5047928263789111,0.014698918717246025,0.17528429525474795,0.021951441082036317,0.005081722793992301,0.008939225101304142,0.07267509553961297,0.045690188636408495,0.044359557040533515,0.05047527708429098,0.0696721162055838,0.8170525460181177,0.7079703016999013,0.8477907896462853,0.68658807633113,0.604219080561513,0.601146651816896,0.5251348359990127,0.4610479909460055,0.28989460068117695
ema_slope_21_z,0.5970641114276236,0.9011181137619767,0.8668652113463022,1.0,0.8916944092233723,0.9003518370252069,0.7750407221665333,0.7467908973599995,0.6420340902225319,0.6040749607627619,0.9832423919022167,0.6968586788221874,0.35163829192228796,0.107646814643074,0.8489209204928253,0.03590582669257078,0.7966296868310083,0.8408926030958298,0.0014414075732673852,0.6783151167080506,0.5346804372134978,0.03050806170069187,0.3739249770627338,0.5459950986742628,0.1495862498399224,0.0013276986746941642,0.7131631659987329,0.03587065268373779,0.08854399136812813,0.02954497915847217,0.5058306281239616,0.8717144553379704,0.5349590056418333,0.33510693224642235,0.6918881317827779,0.016448894433353685,0.18556112116663587,0.00903094717530358,0.003623780482666245,0.0009204522592808194,0.06842676763857777,0.048110520078242444,0.02868603738620237,0.042498457912675175,0.06341716159532837,0.7232053226962971,0.6244812735985743,0.7505152401335328,0.6875636119145497,0.6032886729331017,0.6049760044831879,0.5469456625045637,0.4741836397626383,0.2959773250608545
dist_ema_50_z,0.6729416847750098,0.7495365826947256,0.8964964701754552,0.8916944092233723,1.0,0.938437350664272,0.9451288365267865,0.8675140226443733,0.8279621128345965,0.7499167384206652,0.9330380514935995,0.848116500501567,0.5718813318421685,0.29334544318730127,0.7644715226937072,0.03069894967302086,0.8530620794063534,0.8889987226319134,0.005931342522141045,0.7948707455827878,0.7431466519890788,0.04510331309562147,0.49369796824529316,0.3558794544105905,0.15927711972930841,0.02468887492533608,0.7217338421270824,0.05827830058562728,0.11065400205241707,0.04254266564822519,0.5512476153768979,0.8673205651595631,0.7434666933122728,0.48767557792877186,0.6574273731755116,0.24829552668171698,0.2066587936164907,0.007722133342253779,0.010201094989100684,0.0047329966172063006,0.08245271168034549,0.05403321979870417,0.026938485307811115,0.040270774345682575,0.07261939226940818,0.7248683773307564,0.5908903477726862,0.7538223969155589,0.8255269584501872,0.6982376415838462,0.7477585396289176,0.7213174541277064,0.6052023659229707,0.41838316181548385
ema_slope_50_z,0.43183570448738756,0.6860996444709098,0.7412924705114026,0.9003518370252069,0.938437350664272,1.0,0.9297742084874577,0.9444072413510148,0.8320887827962983,0.8256076813094301,0.9364072696949358,0.9324171190944375,0.6501023688875719,0.35389535122057114,0.6712326168949762,0.03839938146334255,0.7493284698737245,0.8786269508836524,0.013659116250386016,0.7630330069840665,0.7689791277885296,0.04554009334668202,0.49820106920832297,0.21416063804354687,0.14842043638252264,0.021220427307381527,0.5527156209158606,0.06086195032106135,0.10937373350909425,0.04467864453623323,0.33534004431081393,0.8314828464573472,0.769329555598881,0.5042618350824004,0.7495072819895668,0.29981295392386614,0.2080393095402491,0.002369312393598228,0.01874554104054821,0.012695823046229446,0.0755487246086433,0.051912274980263955,0.013241345867259835,0.030147378214127656,0.06384974293429013,0.6028033790677045,0.480479631227261,0.6276121524501115,0.7950152782438609,0.6673113553667924,0.7253705350677372,0.7191694473865811,0.5968023776721625,0.4152487222071693
dist_ema_100_z,0.5153502064207315,0.5992364482719608,0.7438486636645034,0.7750407221665333,0.9451288365267865,0.9297742084874577,1.0,0.9617466648559087,0.9533173041413893,0.905398731250217,0.8284831655483913,0.927270408827756,0.7879322278890135,0.530283939837938,0.6149288783543417,0.014324396116169535,0.7833607892436126,0.8104624490432686,0.011001627506881046,0.8269847274250198,0.8609356241520861,0.0572296300840133,0.5972864984168919,0.17225938032743884,0.1411400472389155,0.022314589547509554,0.6009186008687388,0.06296347512197313,0.11869731653540991,0.05812932247459198,0.4135511625174649,0.7562102225117187,0.8613336775944999,0.6582242268264173,0.6146637644122241,0.44703561263107844,0.10303677961436027,0.003904773206727756,0.014578357700517039,0.010695288012611853,0.07810960930779089,0.04939266664239973,0.017843506675392914,0.024497627543114197,0.06032066002744686,0.5979003272522664,0.46627761686618663,0.6478296843184028,0.8268410087387172,0.6778253939089915,0.7974067893968362,0.8408774039119498,0.6826177690609434,0.5424030008277196
ema_slope_100_z,0.31693954420964093,0.523452938757493,0.6013533101807672,0.7467908973599995,0.8675140226443733,0.9444072413510148,0.9617466648559087,1.0,0.9393546120589722,0.9525047912467329,0.795671122053495,0.9703715440201359,0.8487610363926934,0.5849335414621593,0.5172926088678587,0.0177334209817943,0.679909813153004,0.7709426239977966,0.016291928779661936,0.7812416439162281,0.8665173737904004,0.05859800849284967,0.5916057131604207,0.04786788923980241,0.12556216900833772,0.017433520408690097,0.4520282770800174,0.06190623313714498,0.11486903037155222,0.06040493788458315,0.23448709935747855,0.6978292647158424,0.8669449959492064,0.6676497282946492,0.6600028750017727,0.492905033075552,0.09320657912069294,0.007216165820140088,0.023915568778124292,0.019136795668879974,0.06772629825830592,0.04466811540329939,0.004126983306766645,0.012435033597115031,0.048557053378082915,0.4822061764357829,0.3631790438562765,0.5305128636512217,0.7802892810676377,0.6330165483236955,0.761576688929294,0.8257119710151393,0.6643288066806503,0.535557863511362
dist_ema_200_z,0.3973927208647536,0.4733251061498392,0.6032033428072855,0.6420340902225319,0.8279621128345965,0.8320887827962983,0.9533173041413893,0.9393546120589722,1.0,0.9737591023674,0.6939561614690036,0.8738310920743811,0.8849805281158876,0.7230789365672496,0.488430484059042,0.005924712386546187,0.7310535725351146,0.6864600571521438,0.0027004422813730194,0.840909780643006,0.8421229011804242,0.06155943068325424,0.6982024245169302,0.07828627363201208,0.1129662275510479,0.013798866047536022,0.530623768572222,0.05455428866411469,0.11198538609866474,0.06437543168999903,0.3140603405884531,0.6270436194634537,0.8424139418535074,0.786548376277983,0.5249458385766025,0.5136408994304954,0.06659036606869352,0.002602047358472317,0.012798633281260574,0.0069385027335767185,0.06691644228045665,0.039961970834480096,0.014490603412033606,0.012585718362906024,0.04349678006764069,0.48599512172886594,0.375523660447576,0.5811599447610234,0.7494308173073301,0.6015868739900685,0.8106941487455128,0.8774122082768274,0.6991009049119742,0.6721034476184807
ema_slope_200_z,0.22852071652922537,0.40010787348934046,0.47669174104106316,0.6040749607627619,0.7499167384206652,0.8256076813094301,0.905398731250217,0.9525047912467329,0.9737591023674,1.0,0.6518049875043452,0.891213733805979,0.926821992777277,0.7675236518340591,0.3985405563915828,0.003825652573921602,0.635022469197852,0.6396696496104607,0.007997109629551014,0.791370245366367,0.8324844734879429,0.06190801421156101,0.6865015999556887,0.028460922165114734,0.09842943447704282,0.009274752391756172,0.4003463852722724,0.052950584456957356,0.10697321204070397,0.06705577907733133,0.16133755421850746,0.5665701801978753,0.8327979847295914,0.7869788328332338,0.5504845203146309,0.5458078353446182,0.07849280779834172,0.008492989892672238,0.022359279968922473,0.015338450001779375,0.05689347349241405,0.03473646208573759,0.0024397863885181202,0.0017515633642645092,0.03249389850642436,0.38216281359109905,0.28313638278347947,0.47579249563208426,0.69754847089541,0.5518673700549525,0.7698326999187058,0.8522770040039038,0.6723107389893388,0.6618335493677919
ema_spread_9_21_z,0.5844023501966276,0.8295285555115813,0.8691411990461135,0.9832423919022167,0.9330380514935995,0.9364072696949358,0.8284831655483913,0.795671122053495,0.6939561614690036,0.6518049875043452,1.0,0.7686430900397392,0.4116289479456099,0.14726716587435712,0.8263237099845017,0.040651623955462575,0.8112801309048975,0.8971982014689004,0.0003508602517686228,0.7150302660330075,0.5873700619719302,0.03537673123145605,0.4055025224015799,0.4529217272276915,0.1512438995314357,0.003996083084677503,0.6934657882739905,0.03814490169113854,0.09059149787341264,0.028751517322028273,0.4689377207779436,0.9136028910502084,0.5875435652763528,0.3701029192581379,0.7570972681984409,0.04948155978429815,0.19692530774895228,0.007580793281920403,0.00475312846336526,0.0007476725491029814,0.07081732327079483,0.04973885759211598,0.026672872589538623,0.04303329506633294,0.065736511807176,0.7204543376661859,0.6173287468009654,0.749422443857918,0.7275043333736348,0.6387003450420818,0.6452819886128307,0.5910289720612926,0.5094499338747376,0.3226696942043555
ema_spread_21_50_z,0.2613141945081236,0.43190165244175116,0.5545707479946886,0.6968586788221874,0.848116500501567,0.9324171190944375,0.927270408827756,0.9703715440201359,0.8738310920743811,0.891213733805979,0.7686430900397392,1.0,0.8149479968901885,0.5061340423377447,0.44822939117435073,0.03729447676839728,0.6168673522846625,0.7914763582867648,0.02580619580057621,0.7287550890561987,0.8661794713111652,0.04797761193015908,0.5320844455113151,0.07013859895500679,0.12385270600270744,0.023218760029811537,0.36168990131061146,0.06633861952638247,0.10649945356476208,0.051159826776827906,0.1702720364733022,0.6899667731775172,0.8663521962265027,0.5692538875062149,0.6928155391900093,0.4953381741388079,0.20755975106262253,0.013355189449782007,0.029729270123893974,0.02337380463074338,0.06779953758364939,0.04704355165556594,0.001785807983075627,0.014668670458275695,0.05322005761777043,0.43109177963311623,0.3110348640011579,0.4548087434976458,0.7768375533372958,0.6338991627193685,0.726300177795583,0.7621279275063261,0.6157530898551993,0.45399738648148635
ema_spread_50_100_z,0.06369144854778708,0.15126092200423058,0.25735254002991714,0.35163829192228796,0.5718813318421685,0.6501023688875719,0.7879322278890135,0.8487610363926934,0.8849805281158876,0.926821992777277,0.4116289479456099,0.8149479968901885,1.0,0.8376415503198519,0.16140999566756595,0.024272845146059964,0.41840675114263354,0.44335823058968443,0.028993713273106545,0.6324453462077415,0.8381324757035271,0.0451103568392345,0.6022259931863906,0.25265671645109694,0.05846394834856195,0.01298396765929922,0.1888067982369192,0.036814364070806495,0.09734243051914808,0.08892911958964617,0.01785304640336889,0.34216143577443664,0.8384213608892056,0.7668134481720545,0.38158547988399566,0.718374750088676,0.06481083991810856,0.024810786904454016,0.0410402210566222,0.036828976470999045,0.03695868907345273,0.023100508765405314,0.019068664572664512,0.02845891519971957,0.007852263069820847,0.1820922513498919,0.09800779566226628,0.25623432889952624,0.5850015766760125,0.43018556994652524,0.6418956695166032,0.7993694122207291,0.6016164738625405,0.5882483176515192
ema_spread_100_200_z,0.056387259283833084,0.014847077150599233,0.04822809050471859,0.107646814643074,0.29334544318730127,0.35389535122057114,0.530283939837938,0.5849335414621593,0.7230789365672496,0.7675236518340591,0.14726716587435712,0.5061340423377447,0.8376415503198519,1.0,0.008134228337809732,0.09481998307116206,0.30505159836767604,0.17203092628849773,0.023842372140903362,0.5418118542523065,0.5729861968410844,0.01626345503949754,0.6519783772452986,0.2525273847798888,0.0008798752052889489,0.03735694986665352,0.1200650518892725,0.004539327025885652,0.054966935037700004,0.095616429626957,0.06822983799105362,0.10217587191040288,0.5738953633851557,0.7670384791746648,0.14748137316879859,0.5914675491531358,0.34750397614273487,0.014634244072669042,0.03407152145797711,0.03929618960327418,0.002204347419593106,0.0020163124039815996,0.01764954272461463,0.04228664879488081,0.03071731685126237,0.012188901169648478,0.012065884502159735,0.15590256047938716,0.3217093240009413,0.21850861777955513,0.5336920142661888,0.6471352706065042,0.44357431452731005,0.6977473901631851
MOM_pct_14_z,0.7453112350984602,0.861561764043009,0.8790898026531789,0.8489209204928253,0.7644715226937072,0.6712326168949762,0.6149288783543417,0.5172926088678587,0.488430484059042,0.3985405563915828,0.8263237099845017,0.44822939117435073,0.16140999566756595,0.008134228337809732,1.0,0.000742062662348128,0.7589272770712227,0.6529463535660719,0.015128908504702273,0.5658945048411593,0.3772813822689996,0.02128226261727392,0.27927919855646555,0.7321936870002546,0.13858784826730766,0.01877222916655753,0.8059117282909506,0.01827969991954348,0.07653991302516998,0.021919783532620137,0.6053491005757311,0.7297981711193623,0.3777280508105256,0.24116085679613256,0.4821962154434225,0.07717774739865156,0.1327154427883306,0.02858506825351693,0.009481269522261996,0.012446598190931154,0.0589251395348726,0.035125039496953926,0.04257640904738123,0.04204302756165533,0.05559208717170636,0.7271963906947133,0.6551181526824915,0.7593339538449526,0.5683494343854965,0.5070366784327209,0.4906341318538537,0.42331235071809065,0.3819991868924516,0.2295367345351594
ADX_14_scaled,0.0076174951895556136,0.0063501353865357555,0.022329818933862655,0.03590582669257078,0.03069894967302086,0.03839938146334255,0.014324396116169535,0.0177334209817943,0.005924712386546187,0.003825652573921602,0.040651623955462575,0.03729447676839728,0.024272845146059964,0.09481998307116206,0.000742062662348128,1.0,0.01528207066473397,0.047544762954180385,0.6356993235404054,0.03081528160153783,0.01683461409554354,0.18731170363417107,0.0077861245745290495,0.03867422806243524,0.43827586451678957,0.5359396974759276,0.01093153230216356,0.4321645760849678,0.18603925067528884,0.026920981112540734,0.00741809665455706,0.03766346833851284,0.018594277220789927,0.008161562187299827,0.0549495428258728,0.06038151758300989,0.08817190514531842,0.013267286379968506,0.15337031523091482,0.2153853886833152,0.2600050178063461,0.15846186618089889,0.034927563360378826,0.22456289164066862,0.25849890526786595,0.26176689892446975,0.30780534278128324,0.03384346115497327,0.18042714570428212,0.15645728782240892,0.01987651693480878,0.0369471917536763,0.12916353842144207,0.08323891725207212
RSI_14_bounded,0.7322930644635303,0.7478548390182191,0.8675782576715665,0.7966296868310083,0.8530620794063534,0.7493284698737245,0.7833607892436126,0.679909813153004,0.7310535725351146,0.635022469197852,0.8112801309048975,0.6168673522846625,0.41840675114263354,0.30505159836767604,0.7589272770712227,0.01528207066473397,1.0,0.7473217192939432,0.05529204065648327,0.919117773030905,0.5415871775377628,0.017411443300422966,0.7041076451139737,0.49875472239662155,0.1014024689863979,0.005285545755731108,0.9012584969697638,0.005812252026965844,0.03937849175985447,0.00917575482929499,0.620394199228477,0.7759940202088806,0.5418322180493044,0.49453803664434587,0.521052595067344,0.08003083038198408,0.0012585191080708722,0.030018581371707594,0.010298274943707822,0.001759713490586795,0.055796662559995956,0.03666160662713019,0.05169295046776316,0.05171770755017004,0.05428702090084796,0.7325205064436653,0.68723682743425,0.9166807937086114,0.6860954176391942,0.6417580433986552,0.827952702182244,0.635891619950787,0.5434280312160118,0.6162335753157704
MOM_pct_30_z,0.5127483880140017,0.6364594682846755,0.7777902677248533,0.8408926030958298,0.8889987226319134,0.8786269508836524,0.8104624490432686,0.7709426239977966,0.6864600571521438,0.6396696496104607,0.8971982014689004,0.7914763582867648,0.44335823058968443,0.17203092628849773,0.6529463535660719,0.047544762954180385,0.7473217192939432,1.0,0.006809149899583776,0.6936150791103477,0.5845458842682458,0.041748179006979955,0.4078408466086165,0.2387913661595426,0.1306586457394332,0.027285348132667187,0.5678759616359521,0.02533782123433944,0.07247933605882545,0.017423270044655402,0.3943777737946403,0.8672399204903659,0.5844388032738504,0.3615357714746513,0.7470022914862285,0.07325698124568043,0.19734370635062679,0.010348035220933069,0.0026679489653021783,0.0009849742007680563,0.07152653775247383,0.05223588371493264,0.03173024682338313,0.04846179146656645,0.07016013289243736,0.6166031572810027,0.5205188731999653,0.6438896569991771,0.6960355264993012,0.6241902872801268,0.6293872363912435,0.575042524446208,0.498552352011337,0.31950014211779265
ADX_30_scaled,0.025020066100362212,0.015731854015171225,0.011236052624606955,0.0014414075732673852,0.005931342522141045,0.013659116250386016,0.011001627506881046,0.016291928779661936,0.0027004422813730194,0.007997109629551014,0.0003508602517686228,0.02580619580057621,0.028993713273106545,0.023842372140903362,0.015128908504702273,0.6356993235404054,0.05529204065648327,0.006809149899583776,1.0,0.025124445584683176,0.030552505880813742,0.6358693946028612,0.028144677279779328,0.04144042891702499,0.5526412899937018,0.32676457714842333,0.06015389895413505,0.47561019363579143,0.463898947314904,0.21892775102182988,0.01947529659781987,0.01046658109684033,0.032756124494888295,0.021379403186202253,0.007941476416384924,0.007896146709249765,0.15384461256604431,0.05252611896764811,0.0026477684583704627,0.105704470289939,0.27277773112106524,0.16161903833007868,0.025360433306149198,0.0832080914966797,0.2150853765991456,0.20623331613973508,0.2933883657854547,0.08118422395118652,0.2727856051172715,0.34509193275454675,0.040915800650860285,0.1390547197913175,0.32264656916574974,0.12475857620104266
RSI_30_bounded,0.48811473775795716,0.5512311466218458,0.6712088685994059,0.6783151167080506,0.7948707455827878,0.7630330069840665,0.8269847274250198,0.7812416439162281,0.840909780643006,0.791370245366367,0.7150302660330075,0.7287550890561987,0.6324453462077415,0.5418118542523065,0.5658945048411593,0.03081528160153783,0.919117773030905,0.6936150791103477,0.025124445584683176,1.0,0.6705467526131202,0.014671614424326357,0.8948223078093077,0.22316265884841124,0.08478590072298661,0.0096733375765777,0.710259915601976,0.011879514944871461,0.04084876176674117,0.021648616565000077,0.3993769488308352,0.6674281340277435,0.6707424541593224,0.6206202471835471,0.5179457234698538,0.29737804638259147,0.030173835600819023,0.011892188189913434,0.0050691785710806495,0.015060085130981069,0.04680344334098541,0.030920407069396028,0.029580118968989925,0.03417967579973519,0.040945655583449224,0.5617066645704767,0.5082390349203676,0.7650465116218871,0.6940681772763131,0.6331464593986819,0.9319123246407063,0.7343924252757356,0.6047844052586777,0.7923995168427233
MOM_pct_72_z,0.29828098531085845,0.364591810619482,0.48664661579506746,0.5346804372134978,0.7431466519890788,0.7689791277885296,0.8609356241520861,0.8665173737904004,0.8421229011804242,0.8324844734879429,0.5873700619719302,0.8661794713111652,0.8381324757035271,0.5729861968410844,0.3772813822689996,0.01683461409554354,0.5415871775377628,0.5845458842682458,0.030552505880813742,0.6705467526131202,1.0,0.022533504603730506,0.5312070657784068,0.042575551935553645,0.09259887610023657,4.0927737861808304e-05,0.3484944728107729,0.056884647910477246,0.08918044837761387,0.056473786645491866,0.2284017360817398,0.5077435074391887,0.9997748107306388,0.5815614756904053,0.45108622994021186,0.7582375254525292,0.2916644757277065,0.01090754113637233,0.030745596167912448,0.029304391093242576,0.05920008613343318,0.04127066746480648,0.0022117506831663947,0.004268710660837845,0.044825740380445726,0.36064209661258656,0.24860981812444882,0.38646792357418,0.7334765297770288,0.5811616760833687,0.7025135659529159,0.735492215763402,0.592506666297547,0.46113987967312087
ADX_72_scaled,0.021022808093867897,0.019597029530233484,0.03037233568896893,0.03050806170069187,0.04510331309562147,0.04554009334668202,0.0572296300840133,0.05859800849284967,0.06155943068325424,0.06190801421156101,0.03537673123145605,0.04797761193015908,0.0451103568392345,0.01626345503949754,0.02128226261727392,0.18731170363417107,0.017411443300422966,0.041748179006979955,0.6358693946028612,0.014671614424326357,0.022533504603730506,1.0,0.10136913354921348,0.0026436141533369216,0.2892375640303592,0.12881680922840016,0.021663063378066654,0.20061281879516304,0.2843243919188085,0.29722290845953286,0.010692109677524085,0.03366718844578201,0.02064456817654873,0.06628670903146024,0.02486877619136425,0.05322942721344848,0.08757819288472192,0.027217589697558334,0.05164746383571999,0.030625151454360667,0.12848373564209292,0.07642025742339616,0.019405085357524908,0.025251549320364736,0.020955705796493033,0.08705270284794528,0.12039467385886557,0.033987778553788914,0.10593947868756207,0.19477183396946934,0.04610519126538033,0.08909234283701654,0.2761240306504696,0.014906349835843742
RSI_72_bounded,0.22059806787077188,0.267891578435924,0.34964987366623784,0.3739249770627338,0.49369796824529316,0.49820106920832297,0.5972864984168919,0.5916057131604207,0.6982024245169302,0.6865015999556887,0.4055025224015799,0.5320844455113151,0.6022259931863906,0.6519783772452986,0.27927919855646555,0.0077861245745290495,0.7041076451139737,0.4078408466086165,0.028144677279779328,0.8948223078093077,0.5312070657784068,0.10136913354921348,1.0,0.034464978374683,0.018008125203335317,0.012345300262049394,0.48387805355831554,0.016779703129161674,0.017356821380850547,0.04268563118842768,0.1766255360021516,0.37199831861837046,0.5313809688328899,0.5989009620426599,0.305527465162562,0.3356441626071557,0.1638864189567311,0.005329653145561543,0.013990759631786394,0.03348743545885002,0.010877442303888275,0.007133235686987229,0.015232054021417366,0.004416407073614462,0.001257201612677333,0.2887157001918392,0.2817751143383182,0.5403238612496615,0.46333757158707944,0.4227031611743786,0.8324939634866734,0.6193106526507316,0.4828442401280055,0.9059296026468948
MACD_hist_pct_z,0.7275518234219607,0.8020675905590707,0.6584360417080318,0.5459950986742628,0.3558794544105905,0.21416063804354687,0.17225938032743884,0.04786788923980241,0.07828627363201208,0.028460922165114734,0.4529217272276915,0.07013859895500679,0.25265671645109694,0.2525273847798888,0.7321936870002546,0.03867422806243524,0.49875472239662155,0.2387913661595426,0.04144042891702499,0.22316265884841124,0.042575551935553645,0.0026436141533369216,0.034464978374683,1.0,0.0748991592523887,0.03271357453478638,0.7054433687110605,0.03329751286513809,0.021737278806617903,0.004275100963678766,0.7084689416315569,0.3903794129068364,0.04246724489647897,0.015156629033059183,0.05380224144249421,0.3466066646322837,0.015171917435411623,0.045275104297277304,0.02608205444462335,0.027081014893967418,0.024765901648051314,0.011213440613232158,0.05580691084624605,0.0336506061958364,0.027941017727599233,0.5528341539646321,0.5530896451711628,0.5858019918027848,0.18851700352894304,0.2022690480094714,0.13958397471567383,0.06197681513545648,0.09825809201564685,0.03210767512021882
NATR_14_z,0.11690334043836799,0.1352867216779131,0.1506736096737716,0.1495862498399224,0.15927711972930841,0.14842043638252264,0.1411400472389155,0.12556216900833772,0.1129662275510479,0.09842943447704282,0.1512438995314357,0.12385270600270744,0.05846394834856195,0.0008798752052889489,0.13858784826730766,0.43827586451678957,0.1014024689863979,0.1306586457394332,0.5526412899937018,0.08478590072298661,0.09259887610023657,0.2892375640303592,0.018008125203335317,0.0748991592523887,1.0,0.6338589840817553,0.10338741446547649,0.8292801975240264,0.7499789935088792,0.3684638897344491,0.10156975048269846,0.12995243334758824,0.09406260010748449,0.014182524428478067,0.09946408417109658,0.00799503564964851,0.146492529959301,0.06706091100867055,0.19273807665806036,0.33142209237343867,0.5233489564781659,0.31405510086949767,0.08100559344616187,0.2645260216428958,0.4485269216105363,0.4647706688873019,0.2968977123536626,0.08275912403409788,0.38509595515167966,0.25610687626964895,0.07133858535965146,0.19750515148398418,0.18117164441865755,0.03797177694061244
bb_width_20_sqrt_z,0.001156648916805524,0.011679271204768474,0.009691983172641546,0.0013276986746941642,0.02468887492533608,0.021220427307381527,0.022314589547509554,0.017433520408690097,0.013798866047536022,0.009274752391756172,0.003996083084677503,0.023218760029811537,0.01298396765929922,0.03735694986665352,0.01877222916655753,0.5359396974759276,0.005285545755731108,0.027285348132667187,0.32676457714842333,0.0096733375765777,4.0927737861808304e-05,0.12881680922840016,0.012345300262049394,0.03271357453478638,0.6338589840817553,1.0,0.02525346440091079,0.6463793746029174,0.3761211001907101,0.14825680603219832,0.003876471027910026,0.015654329090304047,1.6044713347786695e-05,0.022807903299416166,0.017868708497009812,0.0333817969385675,0.08519852837396157,0.04367301981808766,0.21432958108846212,0.2817411857914415,0.3413949622030687,0.19630139349616457,0.06141286325959705,0.24606348470047856,0.322061758546221,0.33609153262492175,0.4025750165495181,0.03298041498134598,0.1408206756377301,0.16304090297245,0.016377318628729806,0.04970314288372867,0.12384301478629234,0.06400087121519271
bb_pos_20_norm,0.8528299613447469,0.7926468008419638,0.8731918588065368,0.7131631659987329,0.7217338421270824,0.5527156209158606,0.6009186008687388,0.4520282770800174,0.530623768572222,0.4003463852722724,0.6934657882739905,0.36168990131061146,0.1888067982369192,0.1200650518892725,0.8059117282909506,0.01093153230216356,0.9012584969697638,0.5678759616359521,0.06015389895413505,0.710259915601976,0.3484944728107729,0.021663063378066654,0.48387805355831554,0.7054433687110605,0.10338741446547649,0.02525346440091079,1.0,0.01593435190565031,0.0507141328153191,0.012469752998698399,0.754464642561595,0.6496781331426914,0.34876651676749776,0.3531860321922555,0.31282735549222723,0.05038680217004024,0.020457773851788753,0.042387913636946654,0.01989529915808591,0.01002682556552988,0.05714977704323519,0.032012497105266796,0.06325318104347433,0.05205292852071837,0.05455034559110633,0.7565998910409347,0.7155101688346006,0.9091421259686643,0.5494448350928847,0.50569132717303,0.6176933739712762,0.47453566500685407,0.41184649829157016,0.4401690034210828
volatility_24_sqrt_z,0.010602546233477912,0.019592848942402225,0.03071292646068298,0.03587065268373779,0.05827830058562728,0.06086195032106135,0.06296347512197313,0.06190623313714498,0.05455428866411469,0.052950584456957356,0.03814490169113854,0.06633861952638247,0.036814364070806495,0.004539327025885652,0.01827969991954348,0.4321645760849678,0.005812252026965844,0.02533782123433944,0.47561019363579143,0.011879514944871461,0.056884647910477246,0.20061281879516304,0.016779703129161674,0.03329751286513809,0.8292801975240264,0.6463793746029174,0.01593435190565031,1.0,0.684696529378421,0.2871191567074406,0.01042037189635173,0.01909755922513271,0.058438460940754035,0.02870955000564997,0.021077728276820314,0.0269990014490993,0.14313574650245695,0.06660378524361155,0.11152382805014457,0.22586144273877107,0.3868459059318726,0.24696985576559852,0.04901748948723378,0.17926139584728096,0.3384998104292063,0.3671235672133806,0.4248156687525085,0.038518727742537236,0.28137150949111717,0.2773484927587342,0.013480533107789372,0.10901775902941115,0.18936521080165672,0.07401309945544202
volatility_72_sqrt_z,0.059415563222521686,0.07458777029893689,0.08550566933457626,0.08854399136812813,0.11065400205241707,0.10937373350909425,0.11869731653540991,0.11486903037155222,0.11198538609866474,0.10697321204070397,0.09059149787341264,0.10649945356476208,0.09734243051914808,0.054966935037700004,0.07653991302516998,0.18603925067528884,0.03937849175985447,0.07247933605882545,0.463898947314904,0.04084876176674117,0.08918044837761387,0.2843243919188085,0.017356821380850547,0.021737278806617903,0.7499789935088792,0.3761211001907101,0.0507141328153191,0.684696529378421,1.0,0.5480005445512162,0.049724488598400486,0.07099893965610592,0.0922960274358384,0.03177357943720403,0.06123680130740274,0.03828164503739884,0.1053583436150019,0.05475896148978231,0.042878445477696335,0.11467906339077363,0.31620320276219077,0.18281087540313654,0.0663755653802375,0.022372790596671962,0.2113513967864194,0.31504552580073036,0.24300420537176198,0.03318035244225953,0.3849064055455947,0.34642471823893684,0.03187307448671891,0.21602659371222693,0.2649814237425325,0.044224236237062675
volatility_168_sqrt_z,0.01671197410352818,0.0233347197966793,0.027200596657059022,0.02954497915847217,0.04254266564822519,0.04467864453623323,0.05812932247459198,0.06040493788458315,0.06437543168999903,0.06705577907733133,0.028751517322028273,0.051159826776827906,0.08892911958964617,0.095616429626957,0.021919783532620137,0.026920981112540734,0.00917575482929499,0.017423270044655402,0.21892775102182988,0.021648616565000077,0.056473786645491866,0.29722290845953286,0.04268563118842768,0.004275100963678766,0.3684638897344491,0.14825680603219832,0.012469752998698399,0.2871191567074406,0.5480005445512162,1.0,0.011105873186756687,0.018981179560094617,0.060040552027737094,0.04683320714879848,0.028522007891475836,0.06286329584543049,0.017802923897053697,0.02833676618932909,0.07028545499622785,0.040739073792299706,0.15206948265607784,0.09052389089493802,0.047041214147492856,0.10318233057530611,0.06306080709323743,0.14146113780139055,0.12281145422542034,0.017797017807449186,0.1775690657224089,0.19593189304594386,0.006947762950230305,0.2025715238143332,0.25340459637445045,0.006288709016093784
log_ret_6_z,0.8885991408651966,0.7071617142402835,0.7627167849489443,0.5058306281239616,0.5512476153768979,0.33534004431081393,0.4135511625174649,0.23448709935747855,0.3140603405884531,0.16133755421850746,0.4689377207779436,0.1702720364733022,0.01785304640336889,0.06822983799105362,0.6053491005757311,0.00741809665455706,0.620394199228477,0.3943777737946403,0.01947529659781987,0.3993769488308352,0.2284017360817398,0.010692109677524085,0.1766255360021516,0.7084689416315569,0.10156975048269846,0.003876471027910026,0.754464642561595,0.01042037189635173,0.049724488598400486,0.011105873186756687,1.0,0.45659269018762455,0.2285501480168819,0.14075814063767672,0.0023089837988318086,0.06788339938104232,0.09177970854772742,0.036011245918015355,0.01787428387295825,0.016925215676493292,0.05918948547123236,0.04672391406269954,0.05999762127803172,0.05040266103977417,0.05913770248166398,0.616487558677149,0.5499465148114854,0.6384981837447583,0.41694735794032883,0.3734779527772361,0.3554434736671427,0.28651019103453584,0.2682085413970999,0.15882631514794354
log_ret_24_z,0.5862226345164363,0.705866968216133,0.8308486593034817,0.8717144553379704,0.8673205651595631,0.8314828464573472,0.7562102225117187,0.6978292647158424,0.6270436194634537,0.5665701801978753,0.9136028910502084,0.6899667731775172,0.34216143577443664,0.10217587191040288,0.7297981711193623,0.03766346833851284,0.7759940202088806,0.8672399204903659,0.01046658109684033,0.6674281340277435,0.5077435074391887,0.03366718844578201,0.37199831861837046,0.3903794129068364,0.12995243334758824,0.015654329090304047,0.6496781331426914,0.01909755922513271,0.07099893965610592,0.018981179560094617,0.45659269018762455,1.0,0.507930575350724,0.3294775131071104,0.8548543881920042,0.08280284141547119,0.16121382440016357,0.014031129730993555,0.002096043534746859,0.00424267565177118,0.06767599895368001,0.05090285040504294,0.03694538900987302,0.05025296136674898,0.06634996483547935,0.7049139156686725,0.6244136068824899,0.7505193008300765,0.6568850581471612,0.5943169468472528,0.5900222345194659,0.5287289988052756,0.4646290031888748,0.29380414255947157
log_ret_72_z,0.29843456260226064,0.36497378442567047,0.48686468871900734,0.5349590056418333,0.7434666933122728,0.769329555598881,0.8613336775944999,0.8669449959492064,0.8424139418535074,0.8327979847295914,0.5875435652763528,0.8663521962265027,0.8384213608892056,0.5738953633851557,0.3777280508105256,0.018594277220789927,0.5418322180493044,0.5844388032738504,0.032756124494888295,0.6707424541593224,0.9997748107306388,0.02064456817654873,0.5313809688328899,0.04246724489647897,0.09406260010748449,1.6044713347786695e-05,0.34876651676749776,0.058438460940754035,0.0922960274358384,0.060040552027737094,0.2285501480168819,0.507930575350724,1.0,0.5829170278731611,0.4513647523330081,0.7586568862477748,0.29055801791661473,0.01184474846093099,0.03305599511011519,0.032013664289252584,0.058802913112805416,0.040882323621418,0.0009589017703039551,0.0023045883073850287,0.0435630059219399,0.3612615681836783,0.24902679627870797,0.3869815096252446,0.7342638027710963,0.5798278047512732,0.7022325141103031,0.7366304708223286,0.5908212231789184,0.4614172502168234
log_ret_168_z,0.18145684362935935,0.22596218917755223,0.3031503773715894,0.33510693224642235,0.48767557792877186,0.5042618350824004,0.6582242268264173,0.6676497282946492,0.786548376277983,0.7869788328332338,0.3701029192581379,0.5692538875062149,0.7668134481720545,0.7670384791746648,0.24116085679613256,0.008161562187299827,0.49453803664434587,0.3615357714746513,0.021379403186202253,0.6206202471835471,0.5815614756904053,0.06628670903146024,0.5989009620426599,0.015156629033059183,0.014182524428478067,0.022807903299416166,0.3531860321922555,0.02870955000564997,0.03177357943720403,0.04683320714879848,0.14075814063767672,0.3294775131071104,0.5829170278731611,1.0,0.2866916050465994,0.43407198211734466,0.4934534491732415,0.02366773965447142,0.012353591069215797,0.010562236262955632,0.022771599485232427,0.01449908208530899,0.017294512354205885,0.003972944089095189,0.008022509064642875,0.23800922320017726,0.20392066447882595,0.3816565184635289,0.45464961866564196,0.3562750194158911,0.5808951883636175,0.7688353878572917,0.592953261899238,0.659773050199017
ret_accel_6_24_z,0.18671135476217657,0.4043321044161999,0.5047928263789111,0.6918881317827779,0.6574273731755116,0.7495072819895668,0.6146637644122241,0.6600028750017727,0.5249458385766025,0.5504845203146309,0.7570972681984409,0.6928155391900093,0.38158547988399566,0.14748137316879859,0.4821962154434225,0.0549495428258728,0.521052595067344,0.7470022914862285,0.007941476416384924,0.5179457234698538,0.45108622994021186,0.02486877619136425,0.305527465162562,0.05380224144249421,0.09946408417109658,0.017868708497009812,0.31282735549222723,0.021077728276820314,0.06123680130740274,0.028522007891475836,0.0023089837988318086,0.8548543881920042,0.4513647523330081,0.2866916050465994,1.0,0.05461783235637121,0.14792687770733157,0.00303419810461303,0.0035985293875334624,0.0026787912955549384,0.04922712651333182,0.03453117139040191,0.011473658918222726,0.03157634333004415,0.04527319000214828,0.4481314268364482,0.39361147884901304,0.48339991514792585,0.5138344762463046,0.4585452338698695,0.4594903892108578,0.43707053582766814,0.37076751182299394,0.22621612745727102
ret_accel_24_72_z,0.07457076457345627,0.07563056805673485,0.014698918717246025,0.016448894433353685,0.24829552668171698,0.29981295392386614,0.44703561263107844,0.492905033075552,0.5136408994304954,0.5458078353446182,0.04948155978429815,0.4953381741388079,0.718374750088676,0.5914675491531358,0.07717774739865156,0.06038151758300989,0.08003083038198408,0.07325698124568043,0.007896146709249765,0.29737804638259147,0.7582375254525292,0.05322942721344848,0.3356441626071557,0.3466066646322837,0.00799503564964851,0.0333817969385675,0.05038680217004024,0.0269990014490993,0.03828164503739884,0.06286329584543049,0.06788339938104232,0.08280284141547119,0.7586568862477748,0.43407198211734466,0.05461783235637121,1.0,0.2343581308793002,0.03381927915659937,0.06156815305555917,0.07173478836981603,0.0006579424743798768,0.0011218318872992202,0.032775438837159436,0.04911339760463583,0.018718540010331772,0.0802726039956907,0.1107114910377205,0.06045535029378701,0.36202956283845117,0.2653940880736725,0.3951677277300269,0.4641125777081835,0.3763057111031875,0.3188022289647814
